Sample	0	1	2	3	4	5	6	7	8	9	10	11	12	13	14	15	16	17	18	19	20	21	22	23	24	25	26	27
201fDMSOw1_S00_L001_R1_001	(20, 501.0)	(22, 843.0)	(24, 1606.0)	(26, 9918.0)	(28, 14453.0)	(30, 16023.0)	(32, 59198.0)	(34, 109265.0)	(36, 150131.0)	(38, 182059.0)	(40, 201316.0)	(42, 216660.0)	(44, 212147.0)	(46, 185003.0)	(48, 189183.0)	(50, 186977.0)	(52, 178981.0)	(54, 168862.0)	(56, 139707.0)	(58, 139962.0)	(60, 139761.0)	(62, 136045.0)	(64, 124827.0)	(66, 110103.0)	(68, 109798.0)	(70, 189853.0)	(72, 821657.0)	(74, 2160018.0)
201fDMSOw1_S00_L002_R1_001	(20, 509.0)	(22, 732.0)	(24, 1457.0)	(26, 9467.0)	(28, 13756.0)	(30, 15453.0)	(32, 55923.0)	(34, 103731.0)	(36, 144027.0)	(38, 173213.0)	(40, 193316.0)	(42, 208399.0)	(44, 203702.0)	(46, 178210.0)	(48, 183204.0)	(50, 180635.0)	(52, 172948.0)	(54, 163025.0)	(56, 135232.0)	(58, 136206.0)	(60, 134845.0)	(62, 130867.0)	(64, 121094.0)	(66, 106441.0)	(68, 106525.0)	(70, 184882.0)	(72, 804056.0)	(74, 2114459.0)
201fDMSOw1_S00_L003_R1_001	(20, 465.0)	(22, 820.0)	(24, 1550.0)	(26, 9505.0)	(28, 13615.0)	(30, 15447.0)	(32, 56899.0)	(34, 104492.0)	(36, 145066.0)	(38, 175843.0)	(40, 195558.0)	(42, 210864.0)	(44, 206803.0)	(46, 180780.0)	(48, 185630.0)	(50, 183882.0)	(52, 176587.0)	(54, 165957.0)	(56, 136899.0)	(58, 138661.0)	(60, 138398.0)	(62, 133623.0)	(64, 124096.0)	(66, 108625.0)	(68, 108772.0)	(70, 188586.0)	(72, 807882.0)	(74, 2098667.0)
201fDMSOw1_S00_L004_R1_001	(20, 416.0)	(22, 695.0)	(24, 1323.0)	(26, 8518.0)	(28, 12216.0)	(30, 14002.0)	(32, 50921.0)	(34, 94060.0)	(36, 130737.0)	(38, 160655.0)	(40, 180723.0)	(42, 196810.0)	(44, 192782.0)	(46, 169389.0)	(48, 175553.0)	(50, 175160.0)	(52, 168543.0)	(54, 158001.0)	(56, 132586.0)	(58, 133982.0)	(60, 133808.0)	(62, 130173.0)	(64, 120284.0)	(66, 105399.0)	(68, 106095.0)	(70, 184820.0)	(72, 796948.0)	(74, 2075715.0)
202fDMSOw1_S00_L001_R1_001	(20, 241.0)	(22, 420.0)	(24, 759.0)	(26, 3661.0)	(28, 5431.0)	(30, 7050.0)	(32, 25430.0)	(34, 46295.0)	(36, 66943.0)	(38, 92337.0)	(40, 110600.0)	(42, 121297.0)	(44, 123070.0)	(46, 111453.0)	(48, 122855.0)	(50, 129615.0)	(52, 120842.0)	(54, 115158.0)	(56, 98225.0)	(58, 102590.0)	(60, 106306.0)	(62, 102095.0)	(64, 95470.0)	(66, 85812.0)	(68, 87416.0)	(70, 163854.0)	(72, 771151.0)	(74, 2090855.0)
202fDMSOw1_S00_L002_R1_001	(20, 185.0)	(22, 371.0)	(24, 711.0)	(26, 3471.0)	(28, 5213.0)	(30, 6723.0)	(32, 24572.0)	(34, 45352.0)	(36, 64948.0)	(38, 89414.0)	(40, 107477.0)	(42, 118479.0)	(44, 120163.0)	(46, 108706.0)	(48, 119856.0)	(50, 126980.0)	(52, 119248.0)	(54, 112877.0)	(56, 96609.0)	(58, 100272.0)	(60, 103292.0)	(62, 100251.0)	(64, 92796.0)	(66, 84402.0)	(68, 85266.0)	(70, 161401.0)	(72, 762714.0)	(74, 2072626.0)
202fDMSOw1_S00_L003_R1_001	(20, 200.0)	(22, 323.0)	(24, 706.0)	(26, 2934.0)	(28, 4559.0)	(30, 6115.0)	(32, 22353.0)	(34, 41267.0)	(36, 60337.0)	(38, 85597.0)	(40, 104013.0)	(42, 115116.0)	(44, 117964.0)	(46, 107581.0)	(48, 119404.0)	(50, 126700.0)	(52, 119192.0)	(54, 112393.0)	(56, 97271.0)	(58, 101481.0)	(60, 104922.0)	(62, 101982.0)	(64, 94915.0)	(66, 85655.0)	(68, 86980.0)	(70, 164671.0)	(72, 771171.0)	(74, 2076652.0)
202fDMSOw1_S00_L004_R1_001	(20, 209.0)	(22, 307.0)	(24, 610.0)	(26, 2948.0)	(28, 4487.0)	(30, 6100.0)	(32, 21859.0)	(34, 39631.0)	(36, 58169.0)	(38, 82441.0)	(40, 101033.0)	(42, 113000.0)	(44, 115334.0)	(46, 105742.0)	(48, 117523.0)	(50, 125813.0)	(52, 117457.0)	(54, 111684.0)	(56, 96624.0)	(58, 100947.0)	(60, 105198.0)	(62, 101872.0)	(64, 95487.0)	(66, 86027.0)	(68, 87773.0)	(70, 166341.0)	(72, 786410.0)	(74, 2130923.0)
203fDMSOw1_S00_L001_R1_001	(20, 380.0)	(22, 504.0)	(24, 984.0)	(26, 5602.0)	(28, 7897.0)	(30, 8821.0)	(32, 30990.0)	(34, 57646.0)	(36, 82530.0)	(38, 113210.0)	(40, 130543.0)	(42, 129203.0)	(44, 124192.0)	(46, 108915.0)	(48, 122664.0)	(50, 131577.0)	(52, 112275.0)	(54, 102120.0)	(56, 86306.0)	(58, 90334.0)	(60, 95209.0)	(62, 89992.0)	(64, 81572.0)	(66, 71352.0)	(68, 74600.0)	(70, 148503.0)	(72, 720054.0)	(74, 1959986.0)
203fDMSOw1_S00_L002_R1_001	(20, 355.0)	(22, 496.0)	(24, 938.0)	(26, 5311.0)	(28, 7713.0)	(30, 8630.0)	(32, 30640.0)	(34, 56403.0)	(36, 81325.0)	(38, 110508.0)	(40, 127423.0)	(42, 126792.0)	(44, 121770.0)	(46, 106329.0)	(48, 119708.0)	(50, 130030.0)	(52, 110634.0)	(54, 100538.0)	(56, 84059.0)	(58, 88207.0)	(60, 93020.0)	(62, 88234.0)	(64, 80071.0)	(66, 69297.0)	(68, 73273.0)	(70, 145983.0)	(72, 708092.0)	(74, 1930047.0)
203fDMSOw1_S00_L003_R1_001	(20, 382.0)	(22, 492.0)	(24, 980.0)	(26, 5520.0)	(28, 8018.0)	(30, 8763.0)	(32, 31134.0)	(34, 57025.0)	(36, 81825.0)	(38, 113117.0)	(40, 130283.0)	(42, 130424.0)	(44, 124772.0)	(46, 109219.0)	(48, 122484.0)	(50, 132261.0)	(52, 113192.0)	(54, 103569.0)	(56, 86909.0)	(58, 91168.0)	(60, 95807.0)	(62, 91619.0)	(64, 82266.0)	(66, 71658.0)	(68, 74845.0)	(70, 150199.0)	(72, 720326.0)	(74, 1940788.0)
203fDMSOw1_S00_L004_R1_001	(20, 325.0)	(22, 480.0)	(24, 911.0)	(26, 5356.0)	(28, 7420.0)	(30, 8588.0)	(32, 29814.0)	(34, 55263.0)	(36, 79617.0)	(38, 110158.0)	(40, 128222.0)	(42, 126271.0)	(44, 122318.0)	(46, 107518.0)	(48, 121176.0)	(50, 131384.0)	(52, 113027.0)	(54, 102820.0)	(56, 86544.0)	(58, 91201.0)	(60, 96148.0)	(62, 91432.0)	(64, 82047.0)	(66, 72091.0)	(68, 75038.0)	(70, 151527.0)	(72, 728251.0)	(74, 1976794.0)
204fTBTw1_S00_L001_R1_001	(20, 315.0)	(22, 518.0)	(24, 877.0)	(26, 4629.0)	(28, 5966.0)	(30, 6910.0)	(32, 22550.0)	(34, 40865.0)	(36, 58009.0)	(38, 88538.0)	(40, 109746.0)	(42, 99159.0)	(44, 94181.0)	(46, 86821.0)	(48, 108267.0)	(50, 124942.0)	(52, 97437.0)	(54, 84739.0)	(56, 73653.0)	(58, 81072.0)	(60, 90633.0)	(62, 80474.0)	(64, 72571.0)	(66, 63994.0)	(68, 69858.0)	(70, 146251.0)	(72, 735385.0)	(74, 2022949.0)
204fTBTw1_S00_L002_R1_001	(20, 284.0)	(22, 454.0)	(24, 850.0)	(26, 4415.0)	(28, 5580.0)	(30, 6850.0)	(32, 21615.0)	(34, 39797.0)	(36, 57203.0)	(38, 86622.0)	(40, 107890.0)	(42, 96719.0)	(44, 91408.0)	(46, 84070.0)	(48, 106287.0)	(50, 122664.0)	(52, 94414.0)	(54, 82978.0)	(56, 71788.0)	(58, 78820.0)	(60, 88452.0)	(62, 78772.0)	(64, 71316.0)	(66, 62553.0)	(68, 67973.0)	(70, 144418.0)	(72, 727179.0)	(74, 2002764.0)
204fTBTw1_S00_L003_R1_001	(20, 312.0)	(22, 455.0)	(24, 915.0)	(26, 4506.0)	(28, 5675.0)	(30, 6874.0)	(32, 22306.0)	(34, 39700.0)	(36, 57636.0)	(38, 87329.0)	(40, 108599.0)	(42, 98688.0)	(44, 93289.0)	(46, 85697.0)	(48, 108285.0)	(50, 125877.0)	(52, 96861.0)	(54, 84353.0)	(56, 73410.0)	(58, 81127.0)	(60, 90848.0)	(62, 80935.0)	(64, 73392.0)	(66, 64126.0)	(68, 70313.0)	(70, 147446.0)	(72, 729121.0)	(74, 1987569.0)
204fTBTw1_S00_L004_R1_001	(20, 292.0)	(22, 431.0)	(24, 821.0)	(26, 4211.0)	(28, 5242.0)	(30, 6382.0)	(32, 20659.0)	(34, 36623.0)	(36, 54053.0)	(38, 83559.0)	(40, 104470.0)	(42, 95016.0)	(44, 90651.0)	(46, 83526.0)	(48, 106532.0)	(50, 123050.0)	(52, 95867.0)	(54, 83473.0)	(56, 72715.0)	(58, 81272.0)	(60, 90734.0)	(62, 80374.0)	(64, 72939.0)	(66, 64064.0)	(68, 70162.0)	(70, 148836.0)	(72, 740279.0)	(74, 2024153.0)
205fTBTw1_S00_L001_R1_001	(20, 644.0)	(22, 982.0)	(24, 1967.0)	(26, 12055.0)	(28, 15803.0)	(30, 19044.0)	(32, 81030.0)	(34, 169409.0)	(36, 242548.0)	(38, 278395.0)	(40, 274554.0)	(42, 279907.0)	(44, 289186.0)	(46, 255498.0)	(48, 253477.0)	(50, 230815.0)	(52, 214295.0)	(54, 210214.0)	(56, 173933.0)	(58, 170460.0)	(60, 157951.0)	(62, 146020.0)	(64, 137701.0)	(66, 122350.0)	(68, 114997.0)	(70, 171004.0)	(72, 640641.0)	(74, 1612562.0)
205fTBTw1_S00_L002_R1_001	(20, 638.0)	(22, 912.0)	(24, 1834.0)	(26, 11731.0)	(28, 15588.0)	(30, 18712.0)	(32, 80362.0)	(34, 166087.0)	(36, 237531.0)	(38, 271757.0)	(40, 268308.0)	(42, 274916.0)	(44, 282861.0)	(46, 252383.0)	(48, 249145.0)	(50, 228519.0)	(52, 210928.0)	(54, 207416.0)	(56, 171106.0)	(58, 167161.0)	(60, 155559.0)	(62, 143665.0)	(64, 135695.0)	(66, 120999.0)	(68, 113425.0)	(70, 168185.0)	(72, 633857.0)	(74, 1592748.0)
205fTBTw1_S00_L003_R1_001	(20, 651.0)	(22, 934.0)	(24, 1899.0)	(26, 12128.0)	(28, 15805.0)	(30, 19402.0)	(32, 81803.0)	(34, 169758.0)	(36, 242162.0)	(38, 279736.0)	(40, 275233.0)	(42, 281971.0)	(44, 290821.0)	(46, 257169.0)	(48, 254407.0)	(50, 234426.0)	(52, 216111.0)	(54, 211698.0)	(56, 176075.0)	(58, 171837.0)	(60, 159612.0)	(62, 147529.0)	(64, 139706.0)	(66, 124209.0)	(68, 116737.0)	(70, 174235.0)	(72, 650174.0)	(74, 1618227.0)
205fTBTw1_S00_L004_R1_001	(20, 667.0)	(22, 1017.0)	(24, 1943.0)	(26, 11948.0)	(28, 15665.0)	(30, 19182.0)	(32, 79562.0)	(34, 166118.0)	(36, 237961.0)	(38, 273191.0)	(40, 271765.0)	(42, 278491.0)	(44, 286949.0)	(46, 256114.0)	(48, 253918.0)	(50, 233684.0)	(52, 215749.0)	(54, 210923.0)	(56, 175584.0)	(58, 172418.0)	(60, 160190.0)	(62, 148492.0)	(64, 139894.0)	(66, 124507.0)	(68, 116695.0)	(70, 176670.0)	(72, 659834.0)	(74, 1650284.0)
206fTBTw1_S00_L001_R1_001	(20, 423.0)	(22, 628.0)	(24, 1445.0)	(26, 9760.0)	(28, 10607.0)	(30, 13047.0)	(32, 50466.0)	(34, 105215.0)	(36, 153345.0)	(38, 195372.0)	(40, 206010.0)	(42, 194870.0)	(44, 186008.0)	(46, 161341.0)	(48, 174957.0)	(50, 173839.0)	(52, 145285.0)	(54, 133228.0)	(56, 110051.0)	(58, 110296.0)	(60, 109980.0)	(62, 101453.0)	(64, 93862.0)	(66, 80533.0)	(68, 79779.0)	(70, 134740.0)	(72, 546584.0)	(74, 1420602.0)
206fTBTw1_S00_L002_R1_001	(20, 387.0)	(22, 615.0)	(24, 1451.0)	(26, 9395.0)	(28, 10192.0)	(30, 12253.0)	(32, 47721.0)	(34, 100405.0)	(36, 146359.0)	(38, 187532.0)	(40, 199061.0)	(42, 187442.0)	(44, 180103.0)	(46, 155972.0)	(48, 169715.0)	(50, 168338.0)	(52, 140725.0)	(54, 128353.0)	(56, 106674.0)	(58, 107597.0)	(60, 107458.0)	(62, 98301.0)	(64, 91415.0)	(66, 78449.0)	(68, 77668.0)	(70, 131587.0)	(72, 537691.0)	(74, 1394533.0)
206fTBTw1_S00_L003_R1_001	(20, 398.0)	(22, 595.0)	(24, 1477.0)	(26, 9032.0)	(28, 10198.0)	(30, 12480.0)	(32, 47137.0)	(34, 98470.0)	(36, 145417.0)	(38, 187391.0)	(40, 200086.0)	(42, 188612.0)	(44, 180692.0)	(46, 158188.0)	(48, 172451.0)	(50, 171190.0)	(52, 142764.0)	(54, 131296.0)	(56, 108315.0)	(58, 109642.0)	(60, 110667.0)	(62, 101003.0)	(64, 93499.0)	(66, 80292.0)	(68, 79642.0)	(70, 133522.0)	(72, 541128.0)	(74, 1389902.0)
206fTBTw1_S00_L004_R1_001	(20, 355.0)	(22, 535.0)	(24, 1273.0)	(26, 8082.0)	(28, 8949.0)	(30, 11211.0)	(32, 42844.0)	(34, 89435.0)	(36, 132897.0)	(38, 172974.0)	(40, 185939.0)	(42, 176627.0)	(44, 170479.0)	(46, 149611.0)	(48, 165616.0)	(50, 165609.0)	(52, 138966.0)	(54, 126770.0)	(56, 105211.0)	(58, 106795.0)	(60, 107655.0)	(62, 100210.0)	(64, 92245.0)	(66, 78417.0)	(68, 78979.0)	(70, 133162.0)	(72, 542167.0)	(74, 1394654.0)
213mDMSOw1_S00_L001_R1_001	(20, 1665.0)	(22, 3211.0)	(24, 7040.0)	(26, 54583.0)	(28, 76976.0)	(30, 63450.0)	(32, 201624.0)	(34, 433888.0)	(36, 624007.0)	(38, 733297.0)	(40, 660384.0)	(42, 628680.0)	(44, 634887.0)	(46, 561583.0)	(48, 560607.0)	(50, 498942.0)	(52, 442155.0)	(54, 423182.0)	(56, 358528.0)	(58, 349543.0)	(60, 328879.0)	(62, 310031.0)	(64, 296014.0)	(66, 270307.0)	(68, 267860.0)	(70, 447027.0)	(72, 1898753.0)	(74, 4895125.0)
213mDMSOw1_S00_L002_R1_001	(20, 1613.0)	(22, 2909.0)	(24, 6581.0)	(26, 51902.0)	(28, 73872.0)	(30, 61055.0)	(32, 194058.0)	(34, 419454.0)	(36, 600508.0)	(38, 708524.0)	(40, 644172.0)	(42, 613053.0)	(44, 617989.0)	(46, 548892.0)	(48, 548394.0)	(50, 489924.0)	(52, 433546.0)	(54, 415788.0)	(56, 353041.0)	(58, 344676.0)	(60, 324624.0)	(62, 305195.0)	(64, 290837.0)	(66, 268452.0)	(68, 266136.0)	(70, 446484.0)	(72, 1911293.0)	(74, 4944833.0)
213mDMSOw1_S00_L003_R1_001	(20, 1724.0)	(22, 3106.0)	(24, 7274.0)	(26, 53565.0)	(28, 75762.0)	(30, 63783.0)	(32, 200371.0)	(34, 430588.0)	(36, 617449.0)	(38, 726152.0)	(40, 658693.0)	(42, 625133.0)	(44, 630953.0)	(46, 559405.0)	(48, 556243.0)	(50, 498006.0)	(52, 441830.0)	(54, 422052.0)	(56, 358005.0)	(58, 349341.0)	(60, 328983.0)	(62, 310617.0)	(64, 294285.0)	(66, 272137.0)	(68, 267970.0)	(70, 449199.0)	(72, 1889610.0)	(74, 4816181.0)
213mDMSOw1_S00_L004_R1_001	(20, 1540.0)	(22, 3033.0)	(24, 6777.0)	(26, 50178.0)	(28, 71051.0)	(30, 59595.0)	(32, 188058.0)	(34, 402305.0)	(36, 579003.0)	(38, 687883.0)	(40, 628679.0)	(42, 598975.0)	(44, 604218.0)	(46, 538642.0)	(48, 540916.0)	(50, 484400.0)	(52, 429187.0)	(54, 410792.0)	(56, 349759.0)	(58, 343680.0)	(60, 322960.0)	(62, 306148.0)	(64, 290011.0)	(66, 266734.0)	(68, 264925.0)	(70, 448611.0)	(72, 1894115.0)	(74, 4836783.0)
214mDMSOw1_S00_L001_R1_001	(20, 1195.0)	(22, 2273.0)	(24, 4328.0)	(26, 23553.0)	(28, 32049.0)	(30, 35117.0)	(32, 140302.0)	(34, 276561.0)	(36, 368125.0)	(38, 422638.0)	(40, 444092.0)	(42, 514636.0)	(44, 562673.0)	(46, 504852.0)	(48, 486205.0)	(50, 451162.0)	(52, 465851.0)	(54, 480273.0)	(56, 405603.0)	(58, 401955.0)	(60, 369040.0)	(62, 365792.0)	(64, 353356.0)	(66, 326623.0)	(68, 311318.0)	(70, 512489.0)	(72, 2128763.0)	(74, 5454688.0)
214mDMSOw1_S00_L002_R1_001	(20, 1131.0)	(22, 2195.0)	(24, 4234.0)	(26, 22985.0)	(28, 31673.0)	(30, 34533.0)	(32, 136864.0)	(34, 269788.0)	(36, 360475.0)	(38, 414481.0)	(40, 436908.0)	(42, 505189.0)	(44, 553996.0)	(46, 498544.0)	(48, 480444.0)	(50, 447050.0)	(52, 462361.0)	(54, 476369.0)	(56, 403266.0)	(58, 398507.0)	(60, 366573.0)	(62, 361919.0)	(64, 352310.0)	(66, 324550.0)	(68, 311731.0)	(70, 514970.0)	(72, 2160292.0)	(74, 5552085.0)
214mDMSOw1_S00_L003_R1_001	(20, 1264.0)	(22, 2439.0)	(24, 4394.0)	(26, 23628.0)	(28, 32115.0)	(30, 36018.0)	(32, 140706.0)	(34, 276668.0)	(36, 368590.0)	(38, 423497.0)	(40, 444822.0)	(42, 517205.0)	(44, 564774.0)	(46, 506804.0)	(48, 487770.0)	(50, 453490.0)	(52, 469614.0)	(54, 484047.0)	(56, 408433.0)	(58, 403438.0)	(60, 371640.0)	(62, 367259.0)	(64, 355812.0)	(66, 328537.0)	(68, 315133.0)	(70, 519556.0)	(72, 2141333.0)	(74, 5418355.0)
214mDMSOw1_S00_L004_R1_001	(20, 1168.0)	(22, 2208.0)	(24, 4241.0)	(26, 22494.0)	(28, 30773.0)	(30, 34016.0)	(32, 133782.0)	(34, 262126.0)	(36, 351464.0)	(38, 404906.0)	(40, 429636.0)	(42, 500477.0)	(44, 548583.0)	(46, 493487.0)	(48, 477429.0)	(50, 445589.0)	(52, 460591.0)	(54, 474283.0)	(56, 403862.0)	(58, 398424.0)	(60, 367536.0)	(62, 365150.0)	(64, 353803.0)	(66, 326521.0)	(68, 314126.0)	(70, 521122.0)	(72, 2167244.0)	(74, 5516773.0)
215mDMSOw1_S00_L001_R1_001	(20, 1749.0)	(22, 3080.0)	(24, 6194.0)	(26, 39729.0)	(28, 61732.0)	(30, 55972.0)	(32, 189333.0)	(34, 393134.0)	(36, 561452.0)	(38, 665026.0)	(40, 643876.0)	(42, 666885.0)	(44, 681107.0)	(46, 609631.0)	(48, 603579.0)	(50, 555340.0)	(52, 515785.0)	(54, 498570.0)	(56, 422337.0)	(58, 412683.0)	(60, 388186.0)	(62, 370165.0)	(64, 348144.0)	(66, 314993.0)	(68, 309833.0)	(70, 523465.0)	(72, 2300316.0)	(74, 6073423.0)
215mDMSOw1_S00_L002_R1_001	(20, 1719.0)	(22, 2991.0)	(24, 6021.0)	(26, 38767.0)	(28, 60688.0)	(30, 54947.0)	(32, 185890.0)	(34, 386150.0)	(36, 553575.0)	(38, 657177.0)	(40, 636110.0)	(42, 657834.0)	(44, 674828.0)	(46, 602877.0)	(48, 599396.0)	(50, 551145.0)	(52, 511639.0)	(54, 495218.0)	(56, 417655.0)	(58, 410692.0)	(60, 387380.0)	(62, 368962.0)	(64, 347321.0)	(66, 313158.0)	(68, 308883.0)	(70, 523198.0)	(72, 2317641.0)	(74, 6139301.0)
215mDMSOw1_S00_L003_R1_001	(20, 1827.0)	(22, 3019.0)	(24, 6349.0)	(26, 40637.0)	(28, 62213.0)	(30, 57219.0)	(32, 191584.0)	(34, 397548.0)	(36, 567747.0)	(38, 672748.0)	(40, 653481.0)	(42, 673970.0)	(44, 689454.0)	(46, 614428.0)	(48, 611276.0)	(50, 560259.0)	(52, 520442.0)	(54, 504499.0)	(56, 426408.0)	(58, 415978.0)	(60, 392105.0)	(62, 375850.0)	(64, 351816.0)	(66, 317588.0)	(68, 313109.0)	(70, 530820.0)	(72, 2320699.0)	(74, 6061816.0)
215mDMSOw1_S00_L004_R1_001	(20, 1833.0)	(22, 3044.0)	(24, 6247.0)	(26, 39293.0)	(28, 60820.0)	(30, 55790.0)	(32, 188284.0)	(34, 388564.0)	(36, 557403.0)	(38, 662113.0)	(40, 643674.0)	(42, 663970.0)	(44, 679981.0)	(46, 607329.0)	(48, 604272.0)	(50, 558345.0)	(52, 518054.0)	(54, 501065.0)	(56, 425113.0)	(58, 416436.0)	(60, 393007.0)	(62, 375824.0)	(64, 352636.0)	(66, 319049.0)	(68, 314471.0)	(70, 535126.0)	(72, 2347556.0)	(74, 6156351.0)
217mTBTw1_S00_L001_R1_001	(20, 1297.0)	(22, 2015.0)	(24, 4431.0)	(26, 34936.0)	(28, 41044.0)	(30, 43022.0)	(32, 185747.0)	(34, 441696.0)	(36, 680779.0)	(38, 807839.0)	(40, 793074.0)	(42, 751944.0)	(44, 754340.0)	(46, 667269.0)	(48, 696527.0)	(50, 635739.0)	(52, 536861.0)	(54, 516574.0)	(56, 415729.0)	(58, 416546.0)	(60, 381621.0)	(62, 339210.0)	(64, 315065.0)	(66, 272284.0)	(68, 265306.0)	(70, 419218.0)	(72, 1640299.0)	(74, 4126298.0)
217mTBTw1_S00_L002_R1_001	(20, 1168.0)	(22, 1811.0)	(24, 4126.0)	(26, 32614.0)	(28, 39074.0)	(30, 41160.0)	(32, 177159.0)	(34, 422756.0)	(36, 651052.0)	(38, 776908.0)	(40, 761843.0)	(42, 725889.0)	(44, 728922.0)	(46, 648469.0)	(48, 675783.0)	(50, 619224.0)	(52, 522834.0)	(54, 503269.0)	(56, 406082.0)	(58, 407839.0)	(60, 375899.0)	(62, 331581.0)	(64, 309111.0)	(66, 268748.0)	(68, 261932.0)	(70, 416593.0)	(72, 1644699.0)	(74, 4159556.0)
217mTBTw1_S00_L003_R1_001	(20, 1251.0)	(22, 1950.0)	(24, 4425.0)	(26, 34156.0)	(28, 40511.0)	(30, 42940.0)	(32, 181919.0)	(34, 435579.0)	(36, 672288.0)	(38, 798575.0)	(40, 785026.0)	(42, 744811.0)	(44, 746358.0)	(46, 662822.0)	(48, 690839.0)	(50, 629778.0)	(52, 534114.0)	(54, 512865.0)	(56, 412727.0)	(58, 413788.0)	(60, 379571.0)	(62, 337101.0)	(64, 314610.0)	(66, 270550.0)	(68, 264048.0)	(70, 417436.0)	(72, 1613765.0)	(74, 4010754.0)
217mTBTw1_S00_L004_R1_001	(20, 1191.0)	(22, 1801.0)	(24, 4179.0)	(26, 31438.0)	(28, 37144.0)	(30, 39578.0)	(32, 168981.0)	(34, 404622.0)	(36, 622292.0)	(38, 744655.0)	(40, 735855.0)	(42, 704645.0)	(44, 708356.0)	(46, 634115.0)	(48, 662390.0)	(50, 608085.0)	(52, 514743.0)	(54, 494221.0)	(56, 400952.0)	(58, 403149.0)	(60, 371621.0)	(62, 328683.0)	(64, 308180.0)	(66, 265645.0)	(68, 259798.0)	(70, 413853.0)	(72, 1603678.0)	(74, 3991439.0)
218mTBTw1_S00_L001_R1_001	(20, 1044.0)	(22, 1611.0)	(24, 3691.0)	(26, 25865.0)	(28, 29602.0)	(30, 34453.0)	(32, 132665.0)	(34, 292651.0)	(36, 440568.0)	(38, 659111.0)	(40, 721563.0)	(42, 608054.0)	(44, 577098.0)	(46, 495824.0)	(48, 609644.0)	(50, 667828.0)	(52, 492295.0)	(54, 444321.0)	(56, 366463.0)	(58, 387716.0)	(60, 426595.0)	(62, 375740.0)	(64, 343703.0)	(66, 292815.0)	(68, 298473.0)	(70, 551254.0)	(72, 2400705.0)	(74, 6295064.0)
218mTBTw1_S00_L002_R1_001	(20, 892.0)	(22, 1501.0)	(24, 3430.0)	(26, 22462.0)	(28, 26483.0)	(30, 31339.0)	(32, 119284.0)	(34, 264484.0)	(36, 402585.0)	(38, 608949.0)	(40, 670245.0)	(42, 567402.0)	(44, 541585.0)	(46, 466707.0)	(48, 577629.0)	(50, 635205.0)	(52, 469241.0)	(54, 421970.0)	(56, 350530.0)	(58, 372215.0)	(60, 410180.0)	(62, 361268.0)	(64, 331500.0)	(66, 282973.0)	(68, 290775.0)	(70, 544731.0)	(72, 2408049.0)	(74, 6348146.0)
218mTBTw1_S00_L003_R1_001	(20, 976.0)	(22, 1551.0)	(24, 3383.0)	(26, 22358.0)	(28, 26426.0)	(30, 31677.0)	(32, 121031.0)	(34, 267152.0)	(36, 409275.0)	(38, 618342.0)	(40, 683765.0)	(42, 575253.0)	(44, 548342.0)	(46, 471349.0)	(48, 584412.0)	(50, 642308.0)	(52, 473840.0)	(54, 424663.0)	(56, 351301.0)	(58, 373298.0)	(60, 411594.0)	(62, 362545.0)	(64, 330155.0)	(66, 282394.0)	(68, 287751.0)	(70, 531650.0)	(72, 2279635.0)	(74, 5890460.0)
218mTBTw1_S00_L004_R1_001	(20, 821.0)	(22, 1258.0)	(24, 2984.0)	(26, 19042.0)	(28, 22459.0)	(30, 26898.0)	(32, 102644.0)	(34, 227117.0)	(36, 350268.0)	(38, 536536.0)	(40, 599780.0)	(42, 508557.0)	(44, 486456.0)	(46, 424745.0)	(48, 530491.0)	(50, 583932.0)	(52, 433484.0)	(54, 387788.0)	(56, 323797.0)	(58, 346333.0)	(60, 382769.0)	(62, 336833.0)	(64, 308227.0)	(66, 262202.0)	(68, 269072.0)	(70, 502931.0)	(72, 2157748.0)	(74, 5595121.0)
225fDMSOw5_S00_L001_R1_001	(20, 422.0)	(22, 690.0)	(24, 1318.0)	(26, 9487.0)	(28, 12040.0)	(30, 11381.0)	(32, 40268.0)	(34, 86100.0)	(36, 129898.0)	(38, 167184.0)	(40, 188354.0)	(42, 182529.0)	(44, 171611.0)	(46, 148474.0)	(48, 159188.0)	(50, 161281.0)	(52, 138859.0)	(54, 126426.0)	(56, 103327.0)	(58, 105733.0)	(60, 104545.0)	(62, 97973.0)	(64, 89716.0)	(66, 78575.0)	(68, 78987.0)	(70, 142545.0)	(72, 623351.0)	(74, 1634194.0)
225fDMSOw5_S00_L002_R1_001	(20, 401.0)	(22, 662.0)	(24, 1345.0)	(26, 8910.0)	(28, 11743.0)	(30, 11189.0)	(32, 39225.0)	(34, 83446.0)	(36, 125151.0)	(38, 162338.0)	(40, 183110.0)	(42, 178033.0)	(44, 167252.0)	(46, 144623.0)	(48, 155906.0)	(50, 157573.0)	(52, 135206.0)	(54, 123271.0)	(56, 100810.0)	(58, 102945.0)	(60, 102945.0)	(62, 95639.0)	(64, 87765.0)	(66, 77115.0)	(68, 78035.0)	(70, 139648.0)	(72, 617713.0)	(74, 1616729.0)
225fDMSOw5_S00_L003_R1_001	(20, 403.0)	(22, 624.0)	(24, 1325.0)	(26, 8709.0)	(28, 11609.0)	(30, 11164.0)	(32, 39216.0)	(34, 81969.0)	(36, 124597.0)	(38, 163500.0)	(40, 185929.0)	(42, 180669.0)	(44, 169066.0)	(46, 146732.0)	(48, 158080.0)	(50, 160506.0)	(52, 138850.0)	(54, 124788.0)	(56, 102958.0)	(58, 105838.0)	(60, 105754.0)	(62, 97301.0)	(64, 89877.0)	(66, 78544.0)	(68, 79715.0)	(70, 143659.0)	(72, 623386.0)	(74, 1620788.0)
225fDMSOw5_S00_L004_R1_001	(20, 383.0)	(22, 580.0)	(24, 1181.0)	(26, 8020.0)	(28, 10443.0)	(30, 10502.0)	(32, 35824.0)	(34, 76245.0)	(36, 115213.0)	(38, 152288.0)	(40, 175403.0)	(42, 170524.0)	(44, 161676.0)	(46, 141345.0)	(48, 153868.0)	(50, 157281.0)	(52, 135280.0)	(54, 122659.0)	(56, 101103.0)	(58, 103679.0)	(60, 103805.0)	(62, 97354.0)	(64, 89759.0)	(66, 78209.0)	(68, 79782.0)	(70, 143610.0)	(72, 628178.0)	(74, 1639629.0)
226fDMSOw5_S00_L001_R1_001	(20, 481.0)	(22, 660.0)	(24, 1245.0)	(26, 8942.0)	(28, 14097.0)	(30, 11104.0)	(32, 48856.0)	(34, 99956.0)	(36, 153998.0)	(38, 169414.0)	(40, 178222.0)	(42, 199317.0)	(44, 201829.0)	(46, 182897.0)	(48, 185622.0)	(50, 175506.0)	(52, 168674.0)	(54, 161711.0)	(56, 133095.0)	(58, 136342.0)	(60, 133779.0)	(62, 126847.0)	(64, 116376.0)	(66, 103731.0)	(68, 102678.0)	(70, 172921.0)	(72, 698800.0)	(74, 1741287.0)
226fDMSOw5_S00_L002_R1_001	(20, 473.0)	(22, 669.0)	(24, 1242.0)	(26, 9000.0)	(28, 13861.0)	(30, 11219.0)	(32, 48007.0)	(34, 99678.0)	(36, 152451.0)	(38, 167716.0)	(40, 175486.0)	(42, 198231.0)	(44, 199839.0)	(46, 181243.0)	(48, 183432.0)	(50, 173910.0)	(52, 166113.0)	(54, 159452.0)	(56, 131857.0)	(58, 135380.0)	(60, 131528.0)	(62, 124667.0)	(64, 114871.0)	(66, 101782.0)	(68, 101399.0)	(70, 169727.0)	(72, 687238.0)	(74, 1724094.0)
226fDMSOw5_S00_L003_R1_001	(20, 480.0)	(22, 655.0)	(24, 1260.0)	(26, 8962.0)	(28, 13959.0)	(30, 11443.0)	(32, 48719.0)	(34, 101192.0)	(36, 155420.0)	(38, 170441.0)	(40, 180049.0)	(42, 201950.0)	(44, 204914.0)	(46, 185117.0)	(48, 186830.0)	(50, 179428.0)	(52, 170316.0)	(54, 163131.0)	(56, 134598.0)	(58, 140051.0)	(60, 135078.0)	(62, 128140.0)	(64, 118521.0)	(66, 104968.0)	(68, 104591.0)	(70, 176822.0)	(72, 706954.0)	(74, 1757898.0)
226fDMSOw5_S00_L004_R1_001	(20, 460.0)	(22, 672.0)	(24, 1333.0)	(26, 8912.0)	(28, 13792.0)	(30, 11414.0)	(32, 48694.0)	(34, 99619.0)	(36, 153696.0)	(38, 169744.0)	(40, 178800.0)	(42, 200499.0)	(44, 203804.0)	(46, 184113.0)	(48, 186706.0)	(50, 177975.0)	(52, 169985.0)	(54, 163787.0)	(56, 135788.0)	(58, 141185.0)	(60, 136326.0)	(62, 129310.0)	(64, 118615.0)	(66, 105417.0)	(68, 105078.0)	(70, 179044.0)	(72, 718168.0)	(74, 1788573.0)
227fDMSOw5_S00_L001_R1_001	(20, 277.0)	(22, 416.0)	(24, 871.0)	(26, 5627.0)	(28, 8140.0)	(30, 7580.0)	(32, 28751.0)	(34, 55296.0)	(36, 84909.0)	(38, 107418.0)	(40, 122006.0)	(42, 123464.0)	(44, 119511.0)	(46, 108925.0)	(48, 121549.0)	(50, 124939.0)	(52, 111948.0)	(54, 103279.0)	(56, 84861.0)	(58, 90800.0)	(60, 93845.0)	(62, 87802.0)	(64, 78335.0)	(66, 69889.0)	(68, 72456.0)	(70, 134904.0)	(72, 590589.0)	(74, 1517757.0)
227fDMSOw5_S00_L002_R1_001	(20, 267.0)	(22, 354.0)	(24, 832.0)	(26, 5133.0)	(28, 7570.0)	(30, 7184.0)	(32, 26750.0)	(34, 51928.0)	(36, 79548.0)	(38, 101613.0)	(40, 114107.0)	(42, 117484.0)	(44, 113555.0)	(46, 103474.0)	(48, 115912.0)	(50, 119686.0)	(52, 107396.0)	(54, 98867.0)	(56, 81718.0)	(58, 87720.0)	(60, 90051.0)	(62, 84208.0)	(64, 75756.0)	(66, 66766.0)	(68, 69789.0)	(70, 131369.0)	(72, 577302.0)	(74, 1480840.0)
227fDMSOw5_S00_L003_R1_001	(20, 240.0)	(22, 381.0)	(24, 767.0)	(26, 5092.0)	(28, 7339.0)	(30, 7138.0)	(32, 26572.0)	(34, 51094.0)	(36, 79049.0)	(38, 101378.0)	(40, 114232.0)	(42, 118459.0)	(44, 114064.0)	(46, 104543.0)	(48, 117171.0)	(50, 121333.0)	(52, 109393.0)	(54, 100598.0)	(56, 82367.0)	(58, 89274.0)	(60, 92251.0)	(62, 86201.0)	(64, 77378.0)	(66, 68135.0)	(68, 71097.0)	(70, 133214.0)	(72, 580527.0)	(74, 1475157.0)
227fDMSOw5_S00_L004_R1_001	(20, 210.0)	(22, 316.0)	(24, 684.0)	(26, 4474.0)	(28, 6329.0)	(30, 6143.0)	(32, 22971.0)	(34, 44860.0)	(36, 69462.0)	(38, 90715.0)	(40, 103460.0)	(42, 107140.0)	(44, 104822.0)	(46, 96792.0)	(48, 109407.0)	(50, 113730.0)	(52, 103048.0)	(54, 94884.0)	(56, 79006.0)	(58, 85654.0)	(60, 88655.0)	(62, 82306.0)	(64, 74182.0)	(66, 65831.0)	(68, 69349.0)	(70, 131075.0)	(72, 569326.0)	(74, 1455805.0)
228fTBTw5_S00_L001_R1_001	(20, 308.0)	(22, 395.0)	(24, 718.0)	(26, 4142.0)	(28, 5622.0)	(30, 6529.0)	(32, 28603.0)	(34, 56570.0)	(36, 80913.0)	(38, 112212.0)	(40, 129024.0)	(42, 130419.0)	(44, 125333.0)	(46, 104377.0)	(48, 120984.0)	(50, 134716.0)	(52, 116597.0)	(54, 108016.0)	(56, 85642.0)	(58, 88422.0)	(60, 99238.0)	(62, 95955.0)	(64, 89035.0)	(66, 75983.0)	(68, 76028.0)	(70, 153643.0)	(72, 736390.0)	(74, 1934270.0)
228fTBTw5_S00_L002_R1_001	(20, 266.0)	(22, 383.0)	(24, 641.0)	(26, 4100.0)	(28, 5377.0)	(30, 6406.0)	(32, 27889.0)	(34, 55283.0)	(36, 79402.0)	(38, 108878.0)	(40, 126039.0)	(42, 126552.0)	(44, 122207.0)	(46, 101718.0)	(48, 118983.0)	(50, 132055.0)	(52, 114220.0)	(54, 105765.0)	(56, 84169.0)	(58, 86305.0)	(60, 97502.0)	(62, 94725.0)	(64, 87833.0)	(66, 73947.0)	(68, 74868.0)	(70, 151679.0)	(72, 726857.0)	(74, 1910993.0)
228fTBTw5_S00_L003_R1_001	(20, 315.0)	(22, 412.0)	(24, 681.0)	(26, 4038.0)	(28, 5307.0)	(30, 6447.0)	(32, 28421.0)	(34, 56186.0)	(36, 80861.0)	(38, 111750.0)	(40, 128505.0)	(42, 129702.0)	(44, 125122.0)	(46, 103822.0)	(48, 121449.0)	(50, 135300.0)	(52, 117248.0)	(54, 108342.0)	(56, 85766.0)	(58, 89309.0)	(60, 100596.0)	(62, 96918.0)	(64, 90057.0)	(66, 76418.0)	(68, 76784.0)	(70, 156055.0)	(72, 735059.0)	(74, 1907136.0)
228fTBTw5_S00_L004_R1_001	(20, 262.0)	(22, 351.0)	(24, 675.0)	(26, 3801.0)	(28, 5069.0)	(30, 6343.0)	(32, 27042.0)	(34, 53091.0)	(36, 76801.0)	(38, 108197.0)	(40, 123635.0)	(42, 126441.0)	(44, 121636.0)	(46, 102364.0)	(48, 119313.0)	(50, 132741.0)	(52, 116054.0)	(54, 107362.0)	(56, 85115.0)	(58, 89494.0)	(60, 99606.0)	(62, 97243.0)	(64, 89373.0)	(66, 76016.0)	(68, 76842.0)	(70, 155867.0)	(72, 743288.0)	(74, 1945008.0)
230fTBTw5_S00_L001_R1_001	(20, 344.0)	(22, 540.0)	(24, 1176.0)	(26, 8305.0)	(28, 11503.0)	(30, 11833.0)	(32, 54896.0)	(34, 120521.0)	(36, 182717.0)	(38, 216794.0)	(40, 235603.0)	(42, 261605.0)	(44, 265831.0)	(46, 231431.0)	(48, 231373.0)	(50, 218047.0)	(52, 213379.0)	(54, 204564.0)	(56, 164815.0)	(58, 163785.0)	(60, 155477.0)	(62, 149637.0)	(64, 137736.0)	(66, 118326.0)	(68, 113278.0)	(70, 176955.0)	(72, 666557.0)	(74, 1635332.0)
230fTBTw5_S00_L002_R1_001	(20, 298.0)	(22, 472.0)	(24, 1104.0)	(26, 7610.0)	(28, 10369.0)	(30, 11387.0)	(32, 50720.0)	(34, 112170.0)	(36, 172116.0)	(38, 204161.0)	(40, 223412.0)	(42, 249515.0)	(44, 253523.0)	(46, 221037.0)	(48, 220291.0)	(50, 208796.0)	(52, 204850.0)	(54, 196950.0)	(56, 158303.0)	(58, 157818.0)	(60, 150234.0)	(62, 144628.0)	(64, 133000.0)	(66, 114837.0)	(68, 109355.0)	(70, 171820.0)	(72, 649669.0)	(74, 1596231.0)
230fTBTw5_S00_L003_R1_001	(20, 281.0)	(22, 460.0)	(24, 1040.0)	(26, 7171.0)	(28, 9897.0)	(30, 11055.0)	(32, 48327.0)	(34, 106561.0)	(36, 164994.0)	(38, 198600.0)	(40, 219339.0)	(42, 245791.0)	(44, 250200.0)	(46, 220173.0)	(48, 219743.0)	(50, 209701.0)	(52, 204766.0)	(54, 197364.0)	(56, 159793.0)	(58, 159368.0)	(60, 152334.0)	(62, 146754.0)	(64, 134983.0)	(66, 116308.0)	(68, 111028.0)	(70, 174340.0)	(72, 654034.0)	(74, 1590837.0)
230fTBTw5_S00_L004_R1_001	(20, 248.0)	(22, 389.0)	(24, 966.0)	(26, 6221.0)	(28, 8310.0)	(30, 9314.0)	(32, 41490.0)	(34, 91749.0)	(36, 143140.0)	(38, 175426.0)	(40, 195055.0)	(42, 221150.0)	(44, 226695.0)	(46, 201823.0)	(48, 203818.0)	(50, 195631.0)	(52, 191987.0)	(54, 184861.0)	(56, 151695.0)	(58, 150833.0)	(60, 146522.0)	(62, 140431.0)	(64, 129322.0)	(66, 112167.0)	(68, 107286.0)	(70, 170311.0)	(72, 641609.0)	(74, 1559858.0)
238mDMSOw5_S00_L001_R1_001	(20, 1022.0)	(22, 1709.0)	(24, 3490.0)	(26, 20507.0)	(28, 31449.0)	(30, 28324.0)	(32, 109767.0)	(34, 238940.0)	(36, 389745.0)	(38, 483402.0)	(40, 529712.0)	(42, 579278.0)	(44, 589429.0)	(46, 544210.0)	(48, 560776.0)	(50, 536096.0)	(52, 496740.0)	(54, 475168.0)	(56, 405518.0)	(58, 411939.0)	(60, 395096.0)	(62, 366014.0)	(64, 341522.0)	(66, 307689.0)	(68, 311414.0)	(70, 551704.0)	(72, 2401360.0)	(74, 6097351.0)
238mDMSOw5_S00_L002_R1_001	(20, 946.0)	(22, 1621.0)	(24, 3358.0)	(26, 19445.0)	(28, 29972.0)	(30, 27184.0)	(32, 103966.0)	(34, 228010.0)	(36, 372374.0)	(38, 463308.0)	(40, 510161.0)	(42, 560894.0)	(44, 573039.0)	(46, 529387.0)	(48, 546318.0)	(50, 525427.0)	(52, 488150.0)	(54, 463423.0)	(56, 397266.0)	(58, 404050.0)	(60, 388200.0)	(62, 361458.0)	(64, 337359.0)	(66, 302944.0)	(68, 307251.0)	(70, 553477.0)	(72, 2433633.0)	(74, 6207340.0)
238mDMSOw5_S00_L003_R1_001	(20, 955.0)	(22, 1618.0)	(24, 3344.0)	(26, 17643.0)	(28, 27272.0)	(30, 26080.0)	(32, 98840.0)	(34, 217904.0)	(36, 360683.0)	(38, 457553.0)	(40, 508606.0)	(42, 561245.0)	(44, 571970.0)	(46, 530053.0)	(48, 548337.0)	(50, 528552.0)	(52, 493676.0)	(54, 469723.0)	(56, 400516.0)	(58, 408213.0)	(60, 393133.0)	(62, 365153.0)	(64, 339620.0)	(66, 306928.0)	(68, 310528.0)	(70, 552943.0)	(72, 2392733.0)	(74, 6012117.0)
238mDMSOw5_S00_L004_R1_001	(20, 872.0)	(22, 1452.0)	(24, 3012.0)	(26, 16837.0)	(28, 26085.0)	(30, 24111.0)	(32, 91268.0)	(34, 198977.0)	(36, 330975.0)	(38, 418761.0)	(40, 468066.0)	(42, 521746.0)	(44, 537064.0)	(46, 500362.0)	(48, 522720.0)	(50, 505371.0)	(52, 470534.0)	(54, 448917.0)	(56, 387457.0)	(58, 396094.0)	(60, 380876.0)	(62, 355633.0)	(64, 331824.0)	(66, 300420.0)	(68, 304992.0)	(70, 550776.0)	(72, 2392356.0)	(74, 6038735.0)
239mDMSOw5_S00_L001_R1_001	(20, 1395.0)	(22, 2156.0)	(24, 5175.0)	(26, 37640.0)	(28, 39976.0)	(30, 41702.0)	(32, 146979.0)	(34, 303067.0)	(36, 424579.0)	(38, 549322.0)	(40, 617424.0)	(42, 576606.0)	(44, 523550.0)	(46, 428867.0)	(48, 463992.0)	(50, 473977.0)	(52, 411190.0)	(54, 377510.0)	(56, 303335.0)	(58, 307344.0)	(60, 311961.0)	(62, 296851.0)	(64, 278601.0)	(66, 240692.0)	(68, 246612.0)	(70, 458324.0)	(72, 2097596.0)	(74, 5610224.0)
239mDMSOw5_S00_L002_R1_001	(20, 1265.0)	(22, 2052.0)	(24, 4863.0)	(26, 36204.0)	(28, 38811.0)	(30, 40756.0)	(32, 140440.0)	(34, 294247.0)	(36, 410593.0)	(38, 535056.0)	(40, 603049.0)	(42, 565658.0)	(44, 514299.0)	(46, 423613.0)	(48, 457525.0)	(50, 467058.0)	(52, 406106.0)	(54, 372455.0)	(56, 299848.0)	(58, 303678.0)	(60, 309312.0)	(62, 295130.0)	(64, 276718.0)	(66, 238187.0)	(68, 246116.0)	(70, 461692.0)	(72, 2126498.0)	(74, 5706792.0)
239mDMSOw5_S00_L003_R1_001	(20, 1444.0)	(22, 2225.0)	(24, 5145.0)	(26, 37434.0)	(28, 40534.0)	(30, 42376.0)	(32, 145266.0)	(34, 304119.0)	(36, 425430.0)	(38, 549912.0)	(40, 618428.0)	(42, 579326.0)	(44, 524535.0)	(46, 432038.0)	(48, 468013.0)	(50, 474832.0)	(52, 412452.0)	(54, 377593.0)	(56, 304837.0)	(58, 308680.0)	(60, 313525.0)	(62, 300138.0)	(64, 279516.0)	(66, 240792.0)	(68, 249001.0)	(70, 460803.0)	(72, 2088105.0)	(74, 5525949.0)
239mDMSOw5_S00_L004_R1_001	(20, 1249.0)	(22, 2097.0)	(24, 4884.0)	(26, 35543.0)	(28, 38298.0)	(30, 40286.0)	(32, 138909.0)	(34, 288063.0)	(36, 405979.0)	(38, 529602.0)	(40, 597557.0)	(42, 561305.0)	(44, 510276.0)	(46, 420636.0)	(48, 458302.0)	(50, 468153.0)	(52, 406846.0)	(54, 373776.0)	(56, 301785.0)	(58, 307042.0)	(60, 311686.0)	(62, 298566.0)	(64, 278116.0)	(66, 240517.0)	(68, 248038.0)	(70, 464128.0)	(72, 2107782.0)	(74, 5584118.0)
240mTBTw5_S00_L001_R1_001	(20, 1290.0)	(22, 2079.0)	(24, 4751.0)	(26, 39905.0)	(28, 43389.0)	(30, 45507.0)	(32, 179591.0)	(34, 386128.0)	(36, 555909.0)	(38, 684089.0)	(40, 747026.0)	(42, 744439.0)	(44, 671366.0)	(46, 539919.0)	(48, 549106.0)	(50, 542706.0)	(52, 494613.0)	(54, 442926.0)	(56, 339443.0)	(58, 330886.0)	(60, 332269.0)	(62, 322398.0)	(64, 291410.0)	(66, 243221.0)	(68, 240854.0)	(70, 411804.0)	(72, 1752355.0)	(74, 4618743.0)
240mTBTw5_S00_L002_R1_001	(20, 1221.0)	(22, 1978.0)	(24, 4683.0)	(26, 38495.0)	(28, 42503.0)	(30, 44747.0)	(32, 174708.0)	(34, 378277.0)	(36, 546417.0)	(38, 673649.0)	(40, 739357.0)	(42, 735210.0)	(44, 664385.0)	(46, 533842.0)	(48, 543564.0)	(50, 539406.0)	(52, 491686.0)	(54, 440790.0)	(56, 336755.0)	(58, 330603.0)	(60, 331541.0)	(62, 320947.0)	(64, 291916.0)	(66, 244049.0)	(68, 240904.0)	(70, 415026.0)	(72, 1781165.0)	(74, 4722702.0)
240mTBTw5_S00_L003_R1_001	(20, 1266.0)	(22, 2194.0)	(24, 4918.0)	(26, 39512.0)	(28, 43835.0)	(30, 46457.0)	(32, 180366.0)	(34, 387637.0)	(36, 561447.0)	(38, 690196.0)	(40, 754714.0)	(42, 747980.0)	(44, 676935.0)	(46, 543577.0)	(48, 553183.0)	(50, 548993.0)	(52, 497474.0)	(54, 446145.0)	(56, 341335.0)	(58, 335426.0)	(60, 336145.0)	(62, 323470.0)	(64, 294997.0)	(66, 246775.0)	(68, 242653.0)	(70, 416921.0)	(72, 1757563.0)	(74, 4584768.0)
240mTBTw5_S00_L004_R1_001	(20, 1244.0)	(22, 2073.0)	(24, 4893.0)	(26, 38462.0)	(28, 42533.0)	(30, 44815.0)	(32, 174643.0)	(34, 376388.0)	(36, 543838.0)	(38, 672592.0)	(40, 741128.0)	(42, 736255.0)	(44, 666697.0)	(46, 536960.0)	(48, 547990.0)	(50, 543436.0)	(52, 495471.0)	(54, 445317.0)	(56, 341395.0)	(58, 334115.0)	(60, 337163.0)	(62, 325231.0)	(64, 296105.0)	(66, 247111.0)	(68, 244425.0)	(70, 422177.0)	(72, 1785198.0)	(74, 4673749.0)
241mTBTw5_S00_L001_R1_001	(20, 1243.0)	(22, 1923.0)	(24, 3675.0)	(26, 27532.0)	(28, 38362.0)	(30, 37369.0)	(32, 167693.0)	(34, 362727.0)	(36, 528803.0)	(38, 582292.0)	(40, 595549.0)	(42, 678992.0)	(44, 704710.0)	(46, 613493.0)	(48, 602390.0)	(50, 557767.0)	(52, 557874.0)	(54, 560235.0)	(56, 448531.0)	(58, 444384.0)	(60, 424801.0)	(62, 416356.0)	(64, 396455.0)	(66, 349285.0)	(68, 332679.0)	(70, 547091.0)	(72, 2198948.0)	(74, 5496292.0)
241mTBTw5_S00_L002_R1_001	(20, 1136.0)	(22, 1849.0)	(24, 3536.0)	(26, 26089.0)	(28, 36888.0)	(30, 36225.0)	(32, 160246.0)	(34, 348017.0)	(36, 510334.0)	(38, 563840.0)	(40, 574822.0)	(42, 659862.0)	(44, 687042.0)	(46, 598834.0)	(48, 588947.0)	(50, 545637.0)	(52, 545500.0)	(54, 548753.0)	(56, 441790.0)	(58, 439154.0)	(60, 420897.0)	(62, 410420.0)	(64, 391480.0)	(66, 346192.0)	(68, 329298.0)	(70, 546610.0)	(72, 2220077.0)	(74, 5580931.0)
241mTBTw5_S00_L003_R1_001	(20, 1205.0)	(22, 2005.0)	(24, 3831.0)	(26, 27115.0)	(28, 38309.0)	(30, 37513.0)	(32, 165739.0)	(34, 359790.0)	(36, 526085.0)	(38, 578530.0)	(40, 592157.0)	(42, 677195.0)	(44, 703223.0)	(46, 609568.0)	(48, 600904.0)	(50, 554589.0)	(52, 555441.0)	(54, 558079.0)	(56, 448155.0)	(58, 444259.0)	(60, 425117.0)	(62, 415440.0)	(64, 395711.0)	(66, 349442.0)	(68, 331812.0)	(70, 547755.0)	(72, 2180940.0)	(74, 5393637.0)
241mTBTw5_S00_L004_R1_001	(20, 1139.0)	(22, 1713.0)	(24, 3469.0)	(26, 25372.0)	(28, 35770.0)	(30, 35397.0)	(32, 155231.0)	(34, 336030.0)	(36, 493802.0)	(38, 546052.0)	(40, 562863.0)	(42, 646191.0)	(44, 673156.0)	(46, 585732.0)	(48, 578903.0)	(50, 538312.0)	(52, 541066.0)	(54, 542324.0)	(56, 438880.0)	(58, 434256.0)	(60, 416093.0)	(62, 409029.0)	(64, 388129.0)	(66, 343427.0)	(68, 328065.0)	(70, 545018.0)	(72, 2174728.0)	(74, 5392854.0)
242mTBTw5_S00_L001_R1_001	(20, 1076.0)	(22, 1707.0)	(24, 3403.0)	(26, 25856.0)	(28, 39675.0)	(30, 35353.0)	(32, 150505.0)	(34, 316718.0)	(36, 473948.0)	(38, 518063.0)	(40, 521651.0)	(42, 599065.0)	(44, 628341.0)	(46, 559311.0)	(48, 556331.0)	(50, 510494.0)	(52, 514167.0)	(54, 514067.0)	(56, 413202.0)	(58, 417787.0)	(60, 396185.0)	(62, 386901.0)	(64, 364298.0)	(66, 322046.0)	(68, 307710.0)	(70, 505783.0)	(72, 2012053.0)	(74, 4968495.0)
242mTBTw5_S00_L002_R1_001	(20, 1005.0)	(22, 1594.0)	(24, 3314.0)	(26, 24692.0)	(28, 37974.0)	(30, 33703.0)	(32, 143705.0)	(34, 303642.0)	(36, 455853.0)	(38, 499089.0)	(40, 506966.0)	(42, 580230.0)	(44, 609262.0)	(46, 544933.0)	(48, 540619.0)	(50, 498692.0)	(52, 502320.0)	(54, 502475.0)	(56, 405425.0)	(58, 407622.0)	(60, 390134.0)	(62, 380407.0)	(64, 357909.0)	(66, 317310.0)	(68, 304022.0)	(70, 502551.0)	(72, 2011288.0)	(74, 4988691.0)
242mTBTw5_S00_L003_R1_001	(20, 1135.0)	(22, 1781.0)	(24, 3633.0)	(26, 25768.0)	(28, 39194.0)	(30, 35003.0)	(32, 147827.0)	(34, 311442.0)	(36, 468963.0)	(38, 514884.0)	(40, 519355.0)	(42, 594852.0)	(44, 621847.0)	(46, 557878.0)	(48, 550941.0)	(50, 506393.0)	(52, 511507.0)	(54, 510006.0)	(56, 410216.0)	(58, 415299.0)	(60, 395428.0)	(62, 386277.0)	(64, 363365.0)	(66, 320822.0)	(68, 305985.0)	(70, 507325.0)	(72, 1996088.0)	(74, 4867325.0)
242mTBTw5_S00_L004_R1_001	(20, 947.0)	(22, 1615.0)	(24, 3293.0)	(26, 23671.0)	(28, 36181.0)	(30, 32745.0)	(32, 137228.0)	(34, 289508.0)	(36, 436644.0)	(38, 482314.0)	(40, 492272.0)	(42, 563215.0)	(44, 591153.0)	(46, 532224.0)	(48, 530020.0)	(50, 490813.0)	(52, 495377.0)	(54, 492985.0)	(56, 399414.0)	(58, 403135.0)	(60, 386470.0)	(62, 377774.0)	(64, 355744.0)	(66, 313769.0)	(68, 301241.0)	(70, 500032.0)	(72, 1973965.0)	(74, 4825150.0)
297fTBTw1_S00_L001_R1_001	(20, 975.0)	(22, 1740.0)	(24, 4516.0)	(26, 38398.0)	(28, 42852.0)	(30, 40708.0)	(32, 148448.0)	(34, 311554.0)	(36, 416406.0)	(38, 457468.0)	(40, 417242.0)	(42, 383048.0)	(44, 353374.0)	(46, 291068.0)	(48, 274983.0)	(50, 234572.0)	(52, 205611.0)	(54, 192070.0)	(56, 155815.0)	(58, 144737.0)	(60, 130186.0)	(62, 121543.0)	(64, 114101.0)	(66, 101687.0)	(68, 95374.0)	(70, 139541.0)	(72, 500351.0)	(74, 1221835.0)
297fTBTw1_S00_L002_R1_001	(20, 948.0)	(22, 1637.0)	(24, 4260.0)	(26, 36548.0)	(28, 41005.0)	(30, 39001.0)	(32, 142110.0)	(34, 298009.0)	(36, 401628.0)	(38, 440314.0)	(40, 401593.0)	(42, 369619.0)	(44, 340569.0)	(46, 281555.0)	(48, 266488.0)	(50, 226878.0)	(52, 198957.0)	(54, 186082.0)	(56, 151348.0)	(58, 140218.0)	(60, 126080.0)	(62, 117506.0)	(64, 110663.0)	(66, 98929.0)	(68, 93035.0)	(70, 136745.0)	(72, 492003.0)	(74, 1201804.0)
297fTBTw1_S00_L003_R1_001	(20, 925.0)	(22, 1792.0)	(24, 4582.0)	(26, 36929.0)	(28, 41632.0)	(30, 40141.0)	(32, 144439.0)	(34, 302712.0)	(36, 406639.0)	(38, 448788.0)	(40, 410201.0)	(42, 378366.0)	(44, 347554.0)	(46, 287076.0)	(48, 272364.0)	(50, 233308.0)	(52, 203592.0)	(54, 190640.0)	(56, 155098.0)	(58, 144535.0)	(60, 128645.0)	(62, 120323.0)	(64, 113712.0)	(66, 101831.0)	(68, 95444.0)	(70, 140247.0)	(72, 497984.0)	(74, 1208259.0)
297fTBTw1_S00_L004_R1_001	(20, 833.0)	(22, 1533.0)	(24, 4112.0)	(26, 33612.0)	(28, 37697.0)	(30, 37482.0)	(32, 132580.0)	(34, 274720.0)	(36, 373325.0)	(38, 414783.0)	(40, 382637.0)	(42, 354813.0)	(44, 328627.0)	(46, 273330.0)	(48, 260718.0)	(50, 224469.0)	(52, 196977.0)	(54, 184008.0)	(56, 150384.0)	(58, 140824.0)	(60, 126413.0)	(62, 118598.0)	(64, 111648.0)	(66, 99606.0)	(68, 93921.0)	(70, 139403.0)	(72, 499696.0)	(74, 1212613.0)
298mTBTw1_S00_L001_R1_001	(20, 1592.0)	(22, 2718.0)	(24, 5909.0)	(26, 39507.0)	(28, 55892.0)	(30, 62289.0)	(32, 277213.0)	(34, 591942.0)	(36, 854865.0)	(38, 898205.0)	(40, 844044.0)	(42, 931179.0)	(44, 984650.0)	(46, 878607.0)	(48, 812108.0)	(50, 675280.0)	(52, 654383.0)	(54, 655721.0)	(56, 534309.0)	(58, 504567.0)	(60, 429044.0)	(62, 393231.0)	(64, 372110.0)	(66, 330811.0)	(68, 296398.0)	(70, 389848.0)	(72, 1253875.0)	(74, 2918076.0)
298mTBTw1_S00_L002_R1_001	(20, 1527.0)	(22, 2517.0)	(24, 5793.0)	(26, 38116.0)	(28, 54010.0)	(30, 60301.0)	(32, 267734.0)	(34, 573229.0)	(36, 831583.0)	(38, 875152.0)	(40, 825238.0)	(42, 910760.0)	(44, 968891.0)	(46, 861173.0)	(48, 798458.0)	(50, 666132.0)	(52, 644106.0)	(54, 646456.0)	(56, 528087.0)	(58, 498636.0)	(60, 426102.0)	(62, 390277.0)	(64, 368588.0)	(66, 330022.0)	(68, 294357.0)	(70, 389456.0)	(72, 1265822.0)	(74, 2956784.0)
298mTBTw1_S00_L003_R1_001	(20, 1674.0)	(22, 2781.0)	(24, 5946.0)	(26, 38492.0)	(28, 55185.0)	(30, 62289.0)	(32, 272947.0)	(34, 581708.0)	(36, 841726.0)	(38, 888463.0)	(40, 838911.0)	(42, 926240.0)	(44, 979654.0)	(46, 872938.0)	(48, 809223.0)	(50, 672349.0)	(52, 653397.0)	(54, 654904.0)	(56, 532514.0)	(58, 503593.0)	(60, 430079.0)	(62, 394475.0)	(64, 372671.0)	(66, 331343.0)	(68, 296259.0)	(70, 394025.0)	(72, 1264480.0)	(74, 2916134.0)
298mTBTw1_S00_L004_R1_001	(20, 1486.0)	(22, 2618.0)	(24, 5577.0)	(26, 36292.0)	(28, 51217.0)	(30, 57358.0)	(32, 254730.0)	(34, 543003.0)	(36, 788195.0)	(38, 835660.0)	(40, 794787.0)	(42, 882092.0)	(44, 936612.0)	(46, 839162.0)	(48, 780383.0)	(50, 652934.0)	(52, 636215.0)	(54, 638288.0)	(56, 522746.0)	(58, 494050.0)	(60, 423391.0)	(62, 388276.0)	(64, 369158.0)	(66, 328955.0)	(68, 295879.0)	(70, 393866.0)	(72, 1274501.0)	(74, 2948184.0)
299mDMSOw5_S00_L001_R1_001	(20, 2374.0)	(22, 3894.0)	(24, 8818.0)	(26, 74033.0)	(28, 104020.0)	(30, 91281.0)	(32, 342603.0)	(34, 742936.0)	(36, 1065769.0)	(38, 1164161.0)	(40, 1040078.0)	(42, 1041763.0)	(44, 1057098.0)	(46, 954400.0)	(48, 903855.0)	(50, 753252.0)	(52, 671413.0)	(54, 644079.0)	(56, 544891.0)	(58, 512994.0)	(60, 445216.0)	(62, 404381.0)	(64, 379462.0)	(66, 346999.0)	(68, 323802.0)	(70, 446605.0)	(72, 1542203.0)	(74, 3674918.0)
299mDMSOw5_S00_L002_R1_001	(20, 2209.0)	(22, 3636.0)	(24, 8392.0)	(26, 69794.0)	(28, 98335.0)	(30, 87404.0)	(32, 328439.0)	(34, 710963.0)	(36, 1023109.0)	(38, 1125911.0)	(40, 1006482.0)	(42, 1011744.0)	(44, 1031429.0)	(46, 929618.0)	(48, 885000.0)	(50, 738675.0)	(52, 659033.0)	(54, 633933.0)	(56, 536196.0)	(58, 505367.0)	(60, 439920.0)	(62, 398347.0)	(64, 375285.0)	(66, 343059.0)	(68, 320973.0)	(70, 445755.0)	(72, 1550955.0)	(74, 3702623.0)
299mDMSOw5_S00_L003_R1_001	(20, 2275.0)	(22, 4068.0)	(24, 9207.0)	(26, 72614.0)	(28, 102066.0)	(30, 91468.0)	(32, 340254.0)	(34, 735076.0)	(36, 1058134.0)	(38, 1157996.0)	(40, 1036963.0)	(42, 1040723.0)	(44, 1059770.0)	(46, 953178.0)	(48, 905408.0)	(50, 755081.0)	(52, 672671.0)	(54, 645617.0)	(56, 544912.0)	(58, 514649.0)	(60, 447781.0)	(62, 407296.0)	(64, 381062.0)	(66, 349196.0)	(68, 325031.0)	(70, 452072.0)	(72, 1559073.0)	(74, 3672066.0)
299mDMSOw5_S00_L004_R1_001	(20, 2109.0)	(22, 3698.0)	(24, 8135.0)	(26, 65958.0)	(28, 93674.0)	(30, 83680.0)	(32, 312818.0)	(34, 674039.0)	(36, 976412.0)	(38, 1082032.0)	(40, 974360.0)	(42, 986010.0)	(44, 1007494.0)	(46, 912769.0)	(48, 872130.0)	(50, 730293.0)	(52, 653735.0)	(54, 629002.0)	(56, 535212.0)	(58, 505033.0)	(60, 440770.0)	(62, 399896.0)	(64, 377636.0)	(66, 344062.0)	(68, 322118.0)	(70, 450446.0)	(72, 1563345.0)	(74, 3694387.0)
