Sample	0	1	2	3	4	5	6	7	8	9	10	11	12	13	14	15
201fDMSOw1_S00_L001_R1_001	(1.0, 39.481700095044516)	(2.0, 17.439444721255942)	(3.0, 6.680219105866625)	(4.0, 2.812746518908135)	(5.0, 1.5221507203772242)	(6.0, 1.1756010879165504)	(7.0, 0.9640783632850595)	(8.0, 0.8906793390383474)	(9.0, 0.7471607208903966)	('>10', 11.213681855962502)	('>50', 5.180805442636742)	('>100', 10.752765460543198)	('>500', 1.0810141299135578)	('>1k', 0.05795243836125031)	('>5k', 0.0)	('>10k+', 0.0)
201fDMSOw1_S00_L002_R1_001	(1.0, 40.38099145721773)	(2.0, 17.74975357939482)	(3.0, 6.692569036888305)	(4.0, 2.774248630602298)	(5.0, 1.567752245568954)	(6.0, 1.227091185975178)	(7.0, 0.9832302658725525)	(8.0, 0.7993018377942989)	(9.0, 0.7565015552126226)	('>10', 10.881289004627032)	('>50', 4.820219274531398)	('>100', 10.311646041816136)	('>500', 1.0141848475097552)	('>1k', 0.04122103698895595)	('>5k', 0.0)	('>10k+', 0.0)
201fDMSOw1_S00_L003_R1_001	(1.0, 41.68001669684393)	(2.0, 16.973255603628363)	(3.0, 6.6918124401498735)	(4.0, 2.616964909851537)	(5.0, 1.5819797325679605)	(6.0, 1.1668269704379766)	(7.0, 0.9883639342685633)	(8.0, 0.808228993182236)	(9.0, 0.772736451943169)	('>10', 10.993578484105118)	('>50', 4.8258760647507835)	('>100', 9.989688142192778)	('>500', 0.8702302397105587)	('>1k', 0.04044133636720969)	('>5k', 0.0)	('>10k+', 0.0)
201fDMSOw1_S00_L004_R1_001	(1.0, 41.73902204440277)	(2.0, 17.126632646879216)	(3.0, 6.389041928188366)	(4.0, 2.571567765456558)	(5.0, 1.577192716958759)	(6.0, 1.1708201570591186)	(7.0, 0.9523447590584662)	(8.0, 0.8071581483777022)	(9.0, 0.7234890312625963)	('>10', 10.720339046099317)	('>50', 4.9371107001404075)	('>100', 10.276642456424726)	('>500', 0.9478037981025158)	('>1k', 0.060834801589568145)	('>5k', 0.0)	('>10k+', 0.0)
202fDMSOw1_S00_L001_R1_001	(1.0, 28.78768636576706)	(2.0, 16.830531946704717)	(3.0, 9.248824284950095)	(4.0, 4.29917408306551)	(5.0, 2.1565538086211324)	(6.0, 1.3384939214599303)	(7.0, 0.9910768791051522)	(8.0, 0.824781787207947)	(9.0, 0.7561312151141358)	('>10', 11.674522162070986)	('>50', 6.246905930851704)	('>100', 14.878347501628806)	('>500', 1.8619674163011846)	('>1k', 0.10500269715176304)	('>5k', 0.0)	('>10k+', 0.0)
202fDMSOw1_S00_L002_R1_001	(1.0, 30.563066784210406)	(2.0, 17.41967993433548)	(3.0, 9.017492255369824)	(4.0, 4.18106806634092)	(5.0, 2.020090493630317)	(6.0, 1.320146326013798)	(7.0, 1.0260148964708293)	(8.0, 0.8798262191598883)	(9.0, 0.7377024227859575)	('>10', 10.9480224136455)	('>50', 5.6979125395429815)	('>100', 14.347049863850994)	('>500', 1.7404811434784753)	('>1k', 0.10144664116467692)	('>5k', 0.0)	('>10k+', 0.0)
202fDMSOw1_S00_L003_R1_001	(1.0, 31.55884605140858)	(2.0, 16.684902852711307)	(3.0, 8.935411217625358)	(4.0, 4.0507820876834515)	(5.0, 2.078921664516752)	(6.0, 1.332025192912112)	(7.0, 0.9823906905468645)	(8.0, 0.8801674930971312)	(9.0, 0.7210385211396461)	('>10', 10.86153685960888)	('>50', 5.908733833061676)	('>100', 14.172767024754545)	('>500', 1.7318915966612254)	('>1k', 0.1005849142725049)	('>5k', 0.0)	('>10k+', 0.0)
202fDMSOw1_S00_L004_R1_001	(1.0, 29.180340895160796)	(2.0, 16.595688044266158)	(3.0, 9.250600615352052)	(4.0, 4.196477906119414)	(5.0, 2.129392202792806)	(6.0, 1.2836202665854062)	(7.0, 0.9906536797981335)	(8.0, 0.8634391847585016)	(9.0, 0.7675290875059861)	('>10', 11.272793172207036)	('>50', 6.093504786547674)	('>100', 15.225432145923302)	('>500', 2.0470877925393034)	('>1k', 0.10344022044341528)	('>5k', 0.0)	('>10k+', 0.0)
203fDMSOw1_S00_L001_R1_001	(1.0, 35.01438576914581)	(2.0, 17.016294467512953)	(3.0, 7.384651638707933)	(4.0, 3.1278908671136634)	(5.0, 1.6653684854640645)	(6.0, 1.2265992680052706)	(7.0, 0.9892126614276646)	(8.0, 0.8631332853283001)	(9.0, 0.7020869974495392)	('>10', 11.171161959628211)	('>50', 5.902520217615351)	('>100', 13.462840549543257)	('>500', 1.396825178195755)	('>1k', 0.07702865486220846)	('>5k', 0.0)	('>10k+', 0.0)
203fDMSOw1_S00_L002_R1_001	(1.0, 34.93012646315511)	(2.0, 17.169271754316764)	(3.0, 7.516874025706907)	(4.0, 3.112162758720629)	(5.0, 1.720063367781635)	(6.0, 1.3195970554640029)	(7.0, 0.994066123143586)	(8.0, 0.8774145187250436)	(9.0, 0.7448499535357292)	('>10', 11.115399107904416)	('>50', 5.76936130699178)	('>100', 13.36736989522979)	('>500', 1.308518470775351)	('>1k', 0.05492519854922594)	('>5k', 0.0)	('>10k+', 0.0)
203fDMSOw1_S00_L003_R1_001	(1.0, 35.76230478916463)	(2.0, 17.040719209620583)	(3.0, 7.264664832534525)	(4.0, 3.13150098158963)	(5.0, 1.7112354519348116)	(6.0, 1.223304157504303)	(7.0, 0.9653412926368552)	(8.0, 0.8725963805352467)	(9.0, 0.7428905852650843)	('>10', 11.09725135115804)	('>50', 5.86458992148871)	('>100', 13.012250775933055)	('>500', 1.2552172634826564)	('>1k', 0.05613300715198413)	('>5k', 0.0)	('>10k+', 0.0)
203fDMSOw1_S00_L004_R1_001	(1.0, 35.374784291682325)	(2.0, 16.830655225210858)	(3.0, 7.353358164208608)	(4.0, 3.24024625715422)	(5.0, 1.6862126692421462)	(6.0, 1.2652591088821576)	(7.0, 0.9606699599797602)	(8.0, 0.8552704235287298)	(9.0, 0.6912663184418203)	('>10', 10.863934439995129)	('>50', 5.814669627312467)	('>100', 13.546305171477368)	('>500', 1.4400670391144141)	('>1k', 0.07730130377006073)	('>5k', 0.0)	('>10k+', 0.0)
204fTBTw1_S00_L001_R1_001	(1.0, 36.29535535966553)	(2.0, 15.450489858814532)	(3.0, 6.138527570723849)	(4.0, 2.610576140318276)	(5.0, 1.4638790912634803)	(6.0, 1.0554306757118046)	(7.0, 0.8692921141719452)	(8.0, 0.7818016692480964)	(9.0, 0.7361543457379169)	('>10', 11.056493083558433)	('>50', 6.170839514676929)	('>100', 15.244220028119232)	('>500', 2.0114401665481574)	('>1k', 0.11550038144187698)	('>5k', 0.0)	('>10k+', 0.0)
204fTBTw1_S00_L002_R1_001	(1.0, 36.49900487103752)	(2.0, 15.802549192481443)	(3.0, 6.228939312800165)	(4.0, 2.661477838692625)	(5.0, 1.4754520392072752)	(6.0, 1.1149448410771803)	(7.0, 0.9043975637045596)	(8.0, 0.7742373986387123)	(9.0, 0.698169661100622)	('>10', 10.82835064657354)	('>50', 5.958126586038192)	('>100', 14.936127927858465)	('>500', 2.024785506787414)	('>1k', 0.09343661400234905)	('>5k', 0.0)	('>10k+', 0.0)
204fTBTw1_S00_L003_R1_001	(1.0, 37.50636782475693)	(2.0, 15.418788412554763)	(3.0, 6.168884132398386)	(4.0, 2.546493092893028)	(5.0, 1.4631626649620828)	(6.0, 1.0664718633434473)	(7.0, 0.8660014466709326)	(8.0, 0.8059414630015548)	(9.0, 0.6971267348169601)	('>10', 10.906008125582701)	('>50', 5.817322681833648)	('>100', 14.701197484902009)	('>500', 1.9203959859004027)	('>1k', 0.11583808638317959)	('>5k', 0.0)	('>10k+', 0.0)
204fTBTw1_S00_L004_R1_001	(1.0, 36.77288298814292)	(2.0, 15.391404935898786)	(3.0, 6.1382459602823145)	(4.0, 2.532446251217851)	(5.0, 1.4250955566930352)	(6.0, 1.0682978669420817)	(7.0, 0.886289464001799)	(8.0, 0.7764331233420648)	(9.0, 0.6702128581161318)	('>10', 10.880144619478415)	('>50', 6.001624595635605)	('>100', 15.229268934762516)	('>500', 2.0844089531855547)	('>1k', 0.14324389230085283)	('>5k', 0.0)	('>10k+', 0.0)
205fTBTw1_S00_L001_R1_001	(1.0, 54.802963573696616)	(2.0, 14.019133297260819)	(3.0, 3.895040245794476)	(4.0, 1.867918367104131)	(5.0, 1.325148929530557)	(6.0, 1.0609652830543235)	(7.0, 1.003357210419261)	(8.0, 0.8351121696349613)	(9.0, 0.7289398407783403)	('>10', 10.647379253394378)	('>50', 4.274783749118731)	('>100', 5.386799723925403)	('>500', 0.15245835628802706)	('>1k', 0.0)	('>5k', 0.0)	('>10k+', 0.0)
205fTBTw1_S00_L002_R1_001	(1.0, 54.84350020284982)	(2.0, 14.336188708637915)	(3.0, 3.8498661414898314)	(4.0, 1.9149363962152437)	(5.0, 1.3998948019366662)	(6.0, 1.139561420792983)	(7.0, 0.9376925693679641)	(8.0, 0.8596101396289151)	(9.0, 0.7227310250569381)	('>10', 10.55508281595922)	('>50', 4.031581247210119)	('>100', 5.284144039424443)	('>500', 0.12521049142993707)	('>1k', 0.0)	('>5k', 0.0)	('>10k+', 0.0)
205fTBTw1_S00_L003_R1_001	(1.0, 55.402604372356976)	(2.0, 14.054701504325118)	(3.0, 3.975606734153752)	(4.0, 1.8569628616446603)	(5.0, 1.3927178730143663)	(6.0, 1.1258305427730868)	(7.0, 0.9651690653580326)	(8.0, 0.8742751492335801)	(9.0, 0.7758081904253978)	('>10', 10.275513204543552)	('>50', 3.961149118104125)	('>100', 5.215093119369135)	('>500', 0.12456826469835419)	('>1k', 0.0)	('>5k', 0.0)	('>10k+', 0.0)
205fTBTw1_S00_L004_R1_001	(1.0, 55.313431713408676)	(2.0, 14.12218320004221)	(3.0, 3.85225655639043)	(4.0, 1.81546000242282)	(5.0, 1.3968930422000647)	(6.0, 1.1095603018963753)	(7.0, 0.9346232387060851)	(8.0, 0.8388203490218716)	(9.0, 0.7393276784780074)	('>10', 10.214384021127213)	('>50', 3.9446764945610724)	('>100', 5.556793563036566)	('>500', 0.16158983870863333)	('>1k', 0.0)	('>5k', 0.0)	('>10k+', 0.0)
206fTBTw1_S00_L001_R1_001	(1.0, 53.81840721539062)	(2.0, 11.917621602064267)	(3.0, 3.5459823948638283)	(4.0, 1.9223556272772044)	(5.0, 1.429342561508997)	(6.0, 1.169300518101813)	(7.0, 1.0153751967415543)	(8.0, 0.8652319849649793)	(9.0, 0.7631293939229131)	('>10', 11.831649008320857)	('>50', 4.953935820154529)	('>100', 6.614565473541961)	('>500', 0.1531032031463163)	('>1k', 0.0)	('>5k', 0.0)	('>10k+', 0.0)
206fTBTw1_S00_L002_R1_001	(1.0, 54.788322473468185)	(2.0, 12.122782866636838)	(3.0, 3.4310496403630006)	(4.0, 1.927947248992995)	(5.0, 1.5273994463815581)	(6.0, 1.1727610161385758)	(7.0, 1.028368114945613)	(8.0, 0.8734566549398824)	(9.0, 0.7992804531670067)	('>10', 11.195092379217172)	('>50', 4.6531782104475585)	('>100', 6.315443156229245)	('>500', 0.164918339072396)	('>1k', 0.0)	('>5k', 0.0)	('>10k+', 0.0)
206fTBTw1_S00_L003_R1_001	(1.0, 55.340882565320136)	(2.0, 11.665886361921968)	(3.0, 3.415296377924516)	(4.0, 1.9492813865649508)	(5.0, 1.4292368368788742)	(6.0, 1.2184193119098206)	(7.0, 0.9705038378541447)	(8.0, 0.8838273409483954)	(9.0, 0.7584482649356806)	('>10', 11.369579548652316)	('>50', 4.704592156545378)	('>100', 6.174542854241363)	('>500', 0.11950315630247456)	('>1k', 0.0)	('>5k', 0.0)	('>10k+', 0.0)
206fTBTw1_S00_L004_R1_001	(1.0, 54.62499502508005)	(2.0, 11.526655906554502)	(3.0, 3.414198914930153)	(4.0, 1.8835246671306323)	(5.0, 1.4524849611420723)	(6.0, 1.1017159181566394)	(7.0, 1.0238088846015208)	(8.0, 0.8343407045151102)	(9.0, 0.7947670667115633)	('>10', 11.685094920461676)	('>50', 4.751189548160461)	('>100', 6.761457224948729)	('>500', 0.14576625760688852)	('>1k', 0.0)	('>5k', 0.0)	('>10k+', 0.0)
213mDMSOw1_S00_L001_R1_001	(1.0, 33.91825140565438)	(2.0, 19.39636382290199)	(3.0, 9.210353564906603)	(4.0, 3.706221520076107)	(5.0, 1.767963535434281)	(6.0, 1.131269650241013)	(7.0, 0.8472700571309921)	(8.0, 0.7529845749373727)	(9.0, 0.6682500274135101)	('>10', 10.399150748195341)	('>50', 4.463227498766243)	('>100', 10.955558951878738)	('>500', 2.368696862935624)	('>1k', 0.41443777952781996)	('>5k', 0.0)	('>10k+', 0.0)
213mDMSOw1_S00_L002_R1_001	(1.0, 34.02358114268834)	(2.0, 19.401181488996148)	(3.0, 9.045656059770218)	(4.0, 3.7230500881707957)	(5.0, 1.7826222699193044)	(6.0, 1.1209972693718853)	(7.0, 0.8910316415406223)	(8.0, 0.8115672327336185)	(9.0, 0.7231627873353148)	('>10', 10.644527900767528)	('>50', 4.49141407868103)	('>100', 10.463385392461088)	('>500', 2.44397925555096)	('>1k', 0.4338433920132454)	('>5k', 0.0)	('>10k+', 0.0)
213mDMSOw1_S00_L003_R1_001	(1.0, 35.45025907532949)	(2.0, 19.086829158145047)	(3.0, 8.892815988619727)	(4.0, 3.576627275577013)	(5.0, 1.6823762528772899)	(6.0, 1.1297835965040062)	(7.0, 0.9236746938901021)	(8.0, 0.7813977562370193)	(9.0, 0.6792951216779445)	('>10', 10.651286708660695)	('>50', 4.479999006122977)	('>100', 10.111503769659729)	('>500', 2.227943521387904)	('>1k', 0.3262080753110095)	('>5k', 0.0)	('>10k+', 0.0)
213mDMSOw1_S00_L004_R1_001	(1.0, 35.75848397561767)	(2.0, 18.993642934824393)	(3.0, 8.621060027033609)	(4.0, 3.558286070245207)	(5.0, 1.684797011267832)	(6.0, 1.117946938638797)	(7.0, 0.8608612198672165)	(8.0, 0.7282760941517685)	(9.0, 0.6898261907699474)	('>10', 10.416644857383824)	('>50', 4.411052167046581)	('>100', 10.409711196016728)	('>500', 2.3981269183958887)	('>1k', 0.3512843987404695)	('>5k', 0.0)	('>10k+', 0.0)
214mDMSOw1_S00_L001_R1_001	(1.0, 11.267371491143379)	(2.0, 3.0251910008507314)	(3.0, 4.481583527309241)	(4.0, 6.38859027922504)	(5.0, 8.116587024056821)	(6.0, 8.927038928034694)	(7.0, 8.339316747580032)	(8.0, 7.27209558820408)	(9.0, 5.670277374059357)	('>10', 19.472462450354662)	('>50', 4.367797799481554)	('>100', 10.176741675539903)	('>500', 2.16854681112092)	('>1k', 0.3263993030396914)	('>5k', 0.0)	('>10k+', 0.0)
214mDMSOw1_S00_L002_R1_001	(1.0, 10.351509522673298)	(2.0, 3.290139645093335)	(3.0, 5.143328766766497)	(4.0, 7.233785293189833)	(5.0, 8.48374819114232)	(6.0, 8.866895730451677)	(7.0, 8.213750809122867)	(8.0, 6.987085814016567)	(9.0, 5.354536538690014)	('>10', 19.66805180955477)	('>50', 4.063967115603424)	('>100', 9.648695060537579)	('>500', 2.341215039101226)	('>1k', 0.35329066405673815)	('>5k', 0.0)	('>10k+', 0.0)
214mDMSOw1_S00_L003_R1_001	(1.0, 12.523883412991147)	(2.0, 3.392352936210008)	(3.0, 4.997994006953896)	(4.0, 6.983433523361759)	(5.0, 8.31635268243581)	(6.0, 8.714657534644301)	(7.0, 7.975798239895707)	(8.0, 6.7881188200219365)	(9.0, 5.223503881965713)	('>10', 19.237507616381546)	('>50', 4.176774139976125)	('>100', 9.307568008649943)	('>500', 2.1067478942696845)	('>1k', 0.25530730224242454)	('>5k', 0.0)	('>10k+', 0.0)
214mDMSOw1_S00_L004_R1_001	(1.0, 12.599954702145109)	(2.0, 3.1461947999899564)	(3.0, 4.62916266187109)	(4.0, 6.44186566534387)	(5.0, 8.097908793844127)	(6.0, 8.411262153722591)	(7.0, 8.193773640168537)	(8.0, 6.95963170555024)	(9.0, 5.503135273942623)	('>10', 19.601150037544908)	('>50', 4.082437112166545)	('>100', 9.7456476518878)	('>500', 2.25993645144679)	('>1k', 0.32793935037584726)	('>5k', 0.0)	('>10k+', 0.0)
215mDMSOw1_S00_L001_R1_001	(1.0, 22.01304935869985)	(2.0, 17.232137393952705)	(3.0, 13.027887360265531)	(4.0, 7.38601654444022)	(5.0, 3.6014972006735957)	(6.0, 1.8714188195859565)	(7.0, 1.1967055654038405)	(8.0, 0.8180575207689167)	(9.0, 0.7111561043488723)	('>10', 10.5833032143846)	('>50', 4.518158042938262)	('>100', 11.671319173861887)	('>500', 3.8633742294975444)	('>1k', 1.5059194711778354)	('>5k', 0.0)	('>10k+', 0.0)
215mDMSOw1_S00_L002_R1_001	(1.0, 21.364608782487483)	(2.0, 17.568611883698004)	(3.0, 12.979285235250796)	(4.0, 7.64564961219047)	(5.0, 3.773326194467388)	(6.0, 1.975664218206052)	(7.0, 1.2388453896348623)	(8.0, 0.9008100806237669)	(9.0, 0.7738647168952768)	('>10', 10.856445076640513)	('>50', 4.2772848227162985)	('>100', 11.267058837520025)	('>500', 3.8238338833135592)	('>1k', 1.5547112663557432)	('>5k', 0.0)	('>10k+', 0.0)
215mDMSOw1_S00_L003_R1_001	(1.0, 23.019989210263184)	(2.0, 17.206975704537957)	(3.0, 12.673062802689056)	(4.0, 7.29652436383981)	(5.0, 3.762528537294717)	(6.0, 1.8518637887364595)	(7.0, 1.0953466320922856)	(8.0, 0.8689830056511287)	(9.0, 0.7277427340393172)	('>10', 10.844577097359274)	('>50', 4.421510116409623)	('>100', 11.181338915756948)	('>500', 3.631128463695738)	('>1k', 1.4184286276345117)	('>5k', 0.0)	('>10k+', 0.0)
215mDMSOw1_S00_L004_R1_001	(1.0, 22.857929456239688)	(2.0, 16.797407353259793)	(3.0, 12.921314521048046)	(4.0, 7.440704479941364)	(5.0, 3.8183678499296922)	(6.0, 1.9339462409969859)	(7.0, 1.192452969966066)	(8.0, 0.8628999140095331)	(9.0, 0.7692697265263397)	('>10', 10.467601523534423)	('>50', 4.343905978864477)	('>100', 11.258314809320797)	('>500', 3.7441639767359876)	('>1k', 1.5917211996269707)	('>5k', 0.0)	('>10k+', 0.0)
217mTBTw1_S00_L001_R1_001	(1.0, 43.4453564667052)	(2.0, 17.18921371860355)	(3.0, 5.670011938982808)	(4.0, 2.0350021344975873)	(5.0, 1.1125704484281507)	(6.0, 0.8772366082868617)	(7.0, 0.7357052185377914)	(8.0, 0.6452548343564326)	(9.0, 0.6148142765245601)	('>10', 10.29499447046584)	('>50', 4.441104830804156)	('>100', 9.774752908476229)	('>500', 2.4146147832288927)	('>1k', 0.7493673621019586)	('>5k', 0.0)	('>10k+', 0.0)
217mTBTw1_S00_L002_R1_001	(1.0, 43.26126061030078)	(2.0, 17.3547927400207)	(3.0, 5.786647573164365)	(4.0, 2.1525839951347283)	(5.0, 1.244958168515207)	(6.0, 0.91913852004478)	(7.0, 0.8183830072554463)	(8.0, 0.7364719307346491)	(9.0, 0.6614590052916993)	('>10', 10.076271215691248)	('>50', 4.295985140628372)	('>100', 9.448860334371306)	('>500', 2.4548743540345974)	('>1k', 0.7883134048121946)	('>5k', 0.0)	('>10k+', 0.0)
217mTBTw1_S00_L003_R1_001	(1.0, 44.715708339628215)	(2.0, 16.785282615609013)	(3.0, 5.529265304546386)	(4.0, 2.0563075953300896)	(5.0, 1.21582942600092)	(6.0, 0.9099042590610782)	(7.0, 0.768624417588122)	(8.0, 0.6871260961594474)	(9.0, 0.5994281114753108)	('>10', 10.181602868362088)	('>50', 4.35470868032808)	('>100', 9.281996492115354)	('>500', 2.255519159818177)	('>1k', 0.6586966339776351)	('>5k', 0.0)	('>10k+', 0.0)
217mTBTw1_S00_L004_R1_001	(1.0, 45.038027729218285)	(2.0, 16.6023391429611)	(3.0, 5.338909421766962)	(4.0, 2.0354359868149783)	(5.0, 1.1449765293804348)	(6.0, 0.8981309363302526)	(7.0, 0.7433599794620673)	(8.0, 0.6779271323329197)	(9.0, 0.6672302063415486)	('>10', 10.146791567408952)	('>50', 4.286478405900133)	('>100', 9.39099299329252)	('>500', 2.3416717991844553)	('>1k', 0.68772816960539)	('>5k', 0.0)	('>10k+', 0.0)
218mTBTw1_S00_L001_R1_001	(1.0, 37.44839641197014)	(2.0, 13.926876194755925)	(3.0, 4.590798071357855)	(4.0, 1.6948463071286792)	(5.0, 0.961820319240664)	(6.0, 0.7599276192448559)	(7.0, 0.6862700308799681)	(8.0, 0.566190831710637)	(9.0, 0.5527649418449911)	('>10', 10.352508279064015)	('>50', 5.276089879028633)	('>100', 13.300176288967197)	('>500', 5.356409557611744)	('>1k', 4.526925267194719)	('>5k', 0.0)	('>10k+', 0.0)
218mTBTw1_S00_L002_R1_001	(1.0, 38.66728622540859)	(2.0, 13.709109213256854)	(3.0, 4.517894928120252)	(4.0, 1.71334381222671)	(5.0, 1.0424911528668335)	(6.0, 0.8386787791777703)	(7.0, 0.6965672775924205)	(8.0, 0.5996804284605732)	(9.0, 0.6154321669843437)	('>10', 10.502909172666925)	('>50', 4.730834552720248)	('>100', 12.42822666136685)	('>500', 5.379840967395355)	('>1k', 4.557704661756072)	('>5k', 0.0)	('>10k+', 0.0)
218mTBTw1_S00_L003_R1_001	(1.0, 40.537544194541354)	(2.0, 13.027337241544783)	(3.0, 4.397490509442992)	(4.0, 1.5611345472383835)	(5.0, 1.0159329663104784)	(6.0, 0.7847396811574872)	(7.0, 0.69032874292786)	(8.0, 0.5935227126126194)	(9.0, 0.5704808043840921)	('>10', 10.335776438791623)	('>50', 4.963931858568345)	('>100', 12.701197895475227)	('>500', 5.052705602316679)	('>1k', 3.7678768046881825)	('>5k', 0.0)	('>10k+', 0.0)
218mTBTw1_S00_L004_R1_001	(1.0, 41.595405139309065)	(2.0, 12.120331793002117)	(3.0, 3.901492525651747)	(4.0, 1.4488565530660718)	(5.0, 0.8640608222486874)	(6.0, 0.6923207894429616)	(7.0, 0.6215113069156899)	(8.0, 0.599363385267684)	(9.0, 0.5165110509305602)	('>10', 9.720603411014622)	('>50', 5.102648379769157)	('>100', 13.722613068150096)	('>500', 5.297844532452089)	('>1k', 3.7964372427795134)	('>5k', 0.0)	('>10k+', 0.0)
225fDMSOw5_S00_L001_R1_001	(1.0, 58.36594051970144)	(2.0, 9.529588884402893)	(3.0, 2.6642590204137933)	(4.0, 1.6612947861464)	(5.0, 1.3082900698855793)	(6.0, 1.1096065968292204)	(7.0, 0.9136684837153032)	(8.0, 0.8448442030964929)	(9.0, 0.7693366030340124)	('>10', 11.359278734807319)	('>50', 4.957878019706636)	('>100', 6.397724227722201)	('>500', 0.11828985053875221)	('>1k', 0.0)	('>5k', 0.0)	('>10k+', 0.0)
225fDMSOw5_S00_L002_R1_001	(1.0, 58.50749968607415)	(2.0, 9.674510765969387)	(3.0, 2.8432202657908032)	(4.0, 1.7717716355211002)	(5.0, 1.4024154299995069)	(6.0, 1.1439232690827117)	(7.0, 1.0167845514578502)	(8.0, 0.8660013911488952)	(9.0, 0.7253133535021346)	('>10', 11.039868048738592)	('>50', 4.7305066983325625)	('>100', 6.170278048642578)	('>500', 0.10790685573972644)	('>1k', 0.0)	('>5k', 0.0)	('>10k+', 0.0)
225fDMSOw5_S00_L003_R1_001	(1.0, 59.05899514419121)	(2.0, 9.31196525472906)	(3.0, 2.635421418808391)	(4.0, 1.7168745951540456)	(5.0, 1.370037196906675)	(6.0, 1.1861312374855266)	(7.0, 1.0102143304108058)	(8.0, 0.830978962130572)	(9.0, 0.7715878047788478)	('>10', 11.232132110175417)	('>50', 4.620912239125144)	('>100', 6.115602844374634)	('>500', 0.13914686172971788)	('>1k', 0.0)	('>5k', 0.0)	('>10k+', 0.0)
225fDMSOw5_S00_L004_R1_001	(1.0, 58.585360637643866)	(2.0, 9.399744530382135)	(3.0, 2.7254522485746224)	(4.0, 1.7056675298795116)	(5.0, 1.3395356036282189)	(6.0, 1.1026239225243473)	(7.0, 0.9527945522378845)	(8.0, 0.8651568320155224)	(9.0, 0.7065749808047593)	('>10', 11.017894998340978)	('>50', 4.879250928654271)	('>100', 6.566754878287373)	('>500', 0.15318835702663972)	('>1k', 0.0)	('>5k', 0.0)	('>10k+', 0.0)
226fDMSOw5_S00_L001_R1_001	(1.0, 63.002127971055685)	(2.0, 9.892309476495674)	(3.0, 2.508176020310938)	(4.0, 1.5040763520256362)	(5.0, 1.1320593809337487)	(6.0, 0.9498430329350485)	(7.0, 0.8009678667926661)	(8.0, 0.6795991470694923)	(9.0, 0.6315185831098307)	('>10', 9.659671275534894)	('>50', 4.203405950066708)	('>100', 4.9569813366022615)	('>500', 0.07926360706735813)	('>1k', 0.0)	('>5k', 0.0)	('>10k+', 0.0)
226fDMSOw5_S00_L002_R1_001	(1.0, 62.85639429005441)	(2.0, 9.921593446790986)	(3.0, 2.670552736319667)	(4.0, 1.5486470999426136)	(5.0, 1.2107556423417074)	(6.0, 1.019173010762053)	(7.0, 0.8304231607922369)	(8.0, 0.788263307736267)	(9.0, 0.6611297216027319)	('>10', 9.665757772943044)	('>50', 3.95995921440788)	('>100', 4.798152044217533)	('>500', 0.06919855208888624)	('>1k', 0.0)	('>5k', 0.0)	('>10k+', 0.0)
226fDMSOw5_S00_L003_R1_001	(1.0, 63.43302959191996)	(2.0, 9.787261677486054)	(3.0, 2.5683000781264895)	(4.0, 1.571529610617511)	(5.0, 1.1525941650470326)	(6.0, 0.9601095022084241)	(7.0, 0.8734839525836801)	(8.0, 0.7355366237261912)	(9.0, 0.6537579959561257)	('>10', 9.42016240484808)	('>50', 3.924675914585446)	('>100', 4.8424821454934435)	('>500', 0.07707633740148387)	('>1k', 0.0)	('>5k', 0.0)	('>10k+', 0.0)
226fDMSOw5_S00_L004_R1_001	(1.0, 63.34574915979051)	(2.0, 9.574988380100894)	(3.0, 2.6242273748682647)	(4.0, 1.494965151741527)	(5.0, 1.1828123543808486)	(6.0, 0.9427478504956353)	(7.0, 0.7985098460857784)	(8.0, 0.7164768985681971)	(9.0, 0.611824728147405)	('>10', 9.504335420995016)	('>50', 3.9596951361599055)	('>100', 5.154416677909665)	('>500', 0.08925102075638335)	('>1k', 0.0)	('>5k', 0.0)	('>10k+', 0.0)
227fDMSOw5_S00_L001_R1_001	(1.0, 59.77321037683561)	(2.0, 9.096262973011633)	(3.0, 2.614313936601093)	(4.0, 1.582641674602827)	(5.0, 1.1825077055091362)	(6.0, 1.0291116127885647)	(7.0, 0.8768692368138971)	(8.0, 0.7601555937866792)	(9.0, 0.6835519125221589)	('>10', 10.986027897097882)	('>50', 5.027493493655295)	('>100', 6.269892932692494)	('>500', 0.11796065408274045)	('>1k', 0.0)	('>5k', 0.0)	('>10k+', 0.0)
227fDMSOw5_S00_L002_R1_001	(1.0, 60.050236991140295)	(2.0, 9.20936863162631)	(3.0, 2.7839417604495913)	(4.0, 1.6650236708904975)	(5.0, 1.3054771608124032)	(6.0, 1.1071971254310633)	(7.0, 0.9552640814654398)	(8.0, 0.7771370374067159)	(9.0, 0.7501710161570956)	('>10', 10.47122950286465)	('>50', 4.69753668589513)	('>100', 6.166745260952206)	('>500', 0.06067107490860331)	('>1k', 0.0)	('>5k', 0.0)	('>10k+', 0.0)
227fDMSOw5_S00_L003_R1_001	(1.0, 60.90452464646885)	(2.0, 8.866388639345558)	(3.0, 2.6046160652027432)	(4.0, 1.6691367890870037)	(5.0, 1.28788182813661)	(6.0, 1.0150494871196172)	(7.0, 0.9002238303667845)	(8.0, 0.7996242410223505)	(9.0, 0.7219333765547589)	('>10', 10.600259826802885)	('>50', 4.6722282350783955)	('>100', 5.884052151108428)	('>500', 0.07408088370608606)	('>1k', 0.0)	('>5k', 0.0)	('>10k+', 0.0)
227fDMSOw5_S00_L004_R1_001	(1.0, 60.63809402217323)	(2.0, 8.579676018186055)	(3.0, 2.5382914164278523)	(4.0, 1.5750088941183655)	(5.0, 1.1775723086248107)	(6.0, 1.0334031468593508)	(7.0, 0.8748841849848114)	(8.0, 0.7505699114176267)	(9.0, 0.6949901897978646)	('>10', 10.812776375620412)	('>50', 5.012109166792527)	('>100', 6.221251349765082)	('>500', 0.09137301523207218)	('>1k', 0.0)	('>5k', 0.0)	('>10k+', 0.0)
228fTBTw5_S00_L001_R1_001	(1.0, 51.42607052142727)	(2.0, 11.678310206285303)	(3.0, 3.1407351666450314)	(4.0, 1.562402265963102)	(5.0, 1.100387158902831)	(6.0, 0.9329526866463254)	(7.0, 0.7845421400974042)	(8.0, 0.7284792777436498)	(9.0, 0.6726805005166938)	('>10', 10.136028052444027)	('>50', 5.342448676024703)	('>100', 11.282012207761094)	('>500', 1.1303715659177447)	('>1k', 0.08257957362482315)	('>5k', 0.0)	('>10k+', 0.0)
228fTBTw5_S00_L002_R1_001	(1.0, 51.75081515544528)	(2.0, 11.79977773980614)	(3.0, 3.187302080006045)	(4.0, 1.676840289142374)	(5.0, 1.180160175228615)	(6.0, 0.9750662447784055)	(7.0, 0.8782583718080968)	(8.0, 0.7124274128439322)	(9.0, 0.6383500948004243)	('>10', 9.812898187300952)	('>50', 5.096592147587809)	('>100', 11.105394483458207)	('>500', 1.125978272252071)	('>1k', 0.06013934554172601)	('>5k', 0.0)	('>10k+', 0.0)
228fTBTw5_S00_L003_R1_001	(1.0, 52.66644818799855)	(2.0, 11.6427470006008)	(3.0, 3.088324666953369)	(4.0, 1.52989181751096)	(5.0, 1.1371975028044023)	(6.0, 0.9320654500287998)	(7.0, 0.8285373851761344)	(8.0, 0.7018535906300282)	(9.0, 0.6449638728009539)	('>10', 9.952115060646467)	('>50', 5.130537066165954)	('>100', 10.67808564457369)	('>500', 1.0307819634700996)	('>1k', 0.03645079063970408)	('>5k', 0.0)	('>10k+', 0.0)
228fTBTw5_S00_L004_R1_001	(1.0, 52.2467802099214)	(2.0, 11.577760193634166)	(3.0, 3.1077150907773334)	(4.0, 1.5075863892606032)	(5.0, 1.1191094674336357)	(6.0, 0.9134092603656416)	(7.0, 0.79496906894859)	(8.0, 0.7340840004839153)	(9.0, 0.6370533634231829)	('>10', 9.795374167219395)	('>50', 5.138177575425417)	('>100', 11.125512960159908)	('>500', 1.243410832244865)	('>1k', 0.059057420701873156)	('>5k', 0.0)	('>10k+', 0.0)
230fTBTw5_S00_L001_R1_001	(1.0, 58.86616540298305)	(2.0, 12.617360513446197)	(3.0, 3.1734155741530294)	(4.0, 1.5826316617360665)	(5.0, 1.1732108708184223)	(6.0, 0.9661993091613419)	(7.0, 0.8136052176956938)	(8.0, 0.6885271534267138)	(9.0, 0.6532376967409331)	('>10', 9.884303426812508)	('>50', 4.220205195278448)	('>100', 5.240163528888635)	('>500', 0.12097444885892207)	('>1k', 0.0)	('>5k', 0.0)	('>10k+', 0.0)
230fTBTw5_S00_L002_R1_001	(1.0, 59.48982692140432)	(2.0, 12.294618847065951)	(3.0, 3.310285299062811)	(4.0, 1.6465780182963352)	(5.0, 1.2523511351516217)	(6.0, 1.0316520256875923)	(7.0, 0.8741299956933722)	(8.0, 0.7500562398917424)	(9.0, 0.7072405850485689)	('>10', 9.715940334047607)	('>50', 3.8966174049917877)	('>100', 4.907154105827093)	('>500', 0.12354908783139289)	('>1k', 0.0)	('>5k', 0.0)	('>10k+', 0.0)
230fTBTw5_S00_L003_R1_001	(1.0, 60.76753909179728)	(2.0, 11.808046269621334)	(3.0, 3.088396993013995)	(4.0, 1.670779211977509)	(5.0, 1.1769555058461494)	(6.0, 1.0065453184974327)	(7.0, 0.8416092301952288)	(8.0, 0.7248879032281563)	(9.0, 0.614870911452635)	('>10', 9.573156984692353)	('>50', 3.8175678930255965)	('>100', 4.81699537766487)	('>500', 0.09264930898746593)	('>1k', 0.0)	('>5k', 0.0)	('>10k+', 0.0)
230fTBTw5_S00_L004_R1_001	(1.0, 60.511286852371015)	(2.0, 11.867366282777347)	(3.0, 3.111895727199689)	(4.0, 1.5328128836159405)	(5.0, 1.2108400684040947)	(6.0, 1.007090511521998)	(7.0, 0.8440780547434834)	(8.0, 0.7073044743045335)	(9.0, 0.6165784669242291)	('>10', 9.524413484395435)	('>50', 3.9258445055256797)	('>100', 5.03344552998287)	('>500', 0.10704315823372998)	('>1k', 0.0)	('>5k', 0.0)	('>10k+', 0.0)
238mDMSOw5_S00_L001_R1_001	(1.0, 52.31536477961326)	(2.0, 17.998028028786152)	(3.0, 5.0793863697165085)	(4.0, 1.6262775408874737)	(5.0, 0.8475057914852162)	(6.0, 0.6407332307420235)	(7.0, 0.5271943793726687)	(8.0, 0.4742473824518093)	(9.0, 0.45844233221443326)	('>10', 7.170930859922235)	('>50', 3.3447975062879562)	('>100', 7.666615967440572)	('>500', 1.5929582637576094)	('>1k', 0.2575175673222364)	('>5k', 0.0)	('>10k+', 0.0)
238mDMSOw5_S00_L002_R1_001	(1.0, 52.53129689490946)	(2.0, 17.0983720115612)	(3.0, 4.971163435386804)	(4.0, 1.6628525276197255)	(5.0, 1.0201972019185497)	(6.0, 0.7489478922418624)	(7.0, 0.6843682863501127)	(8.0, 0.5436336068620137)	(9.0, 0.49915516140447136)	('>10', 7.846025438638217)	('>50', 3.071948828716013)	('>100', 7.352362492515731)	('>500', 1.668084007655346)	('>1k', 0.3015922142206824)	('>5k', 0.0)	('>10k+', 0.0)
238mDMSOw5_S00_L003_R1_001	(1.0, 53.67098406156031)	(2.0, 16.758882556105462)	(3.0, 4.892100870975029)	(4.0, 1.6251036624832964)	(5.0, 0.8998706961157165)	(6.0, 0.6849154965369089)	(7.0, 0.6161648066777811)	(8.0, 0.5479329217584004)	(9.0, 0.5313360775022251)	('>10', 7.570298525846851)	('>50', 3.248161724071851)	('>100', 7.18069855033288)	('>500', 1.5247935574749019)	('>1k', 0.24875649255844107)	('>5k', 0.0)	('>10k+', 0.0)
238mDMSOw5_S00_L004_R1_001	(1.0, 52.98182871748622)	(2.0, 17.40648206171626)	(3.0, 5.038738552723573)	(4.0, 1.6913883836743315)	(5.0, 0.8669598772309491)	(6.0, 0.6518709271262895)	(7.0, 0.5843043752137287)	(8.0, 0.4808465963203183)	(9.0, 0.4756873240871184)	('>10', 7.11650684079818)	('>50', 3.2722275017902946)	('>100', 7.526328562159443)	('>500', 1.6340008311155199)	('>1k', 0.27282944855792546)	('>5k', 0.0)	('>10k+', 0.0)
239mDMSOw5_S00_L001_R1_001	(1.0, 43.403309594087794)	(2.0, 13.501279800356143)	(3.0, 3.9079055309211927)	(4.0, 1.604054989395609)	(5.0, 1.1051856522509869)	(6.0, 0.8723537551192349)	(7.0, 0.7669271875448109)	(8.0, 0.6910990802846083)	(9.0, 0.5823892235414052)	('>10', 11.089049606929258)	('>50', 5.003161131142959)	('>100', 12.123572237113262)	('>500', 3.932064245821025)	('>1k', 1.4176479654915681)	('>5k', 0.0)	('>10k+', 0.0)
239mDMSOw5_S00_L002_R1_001	(1.0, 43.31651748140817)	(2.0, 13.68540432651611)	(3.0, 4.054991159131133)	(4.0, 1.6507437718083675)	(5.0, 1.0619844178893243)	(6.0, 0.9635600365784427)	(7.0, 0.7974231029684137)	(8.0, 0.7537345428121137)	(9.0, 0.6593401187338157)	('>10', 11.044219824496276)	('>50', 4.794796170601714)	('>100', 11.78003165222913)	('>500', 3.924831858858855)	('>1k', 1.512421535968299)	('>5k', 0.0)	('>10k+', 0.0)
239mDMSOw5_S00_L003_R1_001	(1.0, 44.02435001670714)	(2.0, 13.287951640906343)	(3.0, 3.820659766012385)	(4.0, 1.6301633389356436)	(5.0, 1.082768313951798)	(6.0, 0.9590534959729193)	(7.0, 0.8550244661747688)	(8.0, 0.6854484191311775)	(9.0, 0.6563596634809209)	('>10', 11.33928954627092)	('>50', 4.844214369604818)	('>100', 11.71933270558428)	('>500', 3.7829037498016667)	('>1k', 1.3124805074653079)	('>5k', 0.0)	('>10k+', 0.0)
239mDMSOw5_S00_L004_R1_001	(1.0, 44.16171815446589)	(2.0, 13.086367112938238)	(3.0, 3.899495909449872)	(4.0, 1.591203863019391)	(5.0, 1.0629787354333071)	(6.0, 0.9220050505587631)	(7.0, 0.8174462587696885)	(8.0, 0.6673093086118578)	(9.0, 0.6113430465000693)	('>10', 11.086560253830447)	('>50', 4.898287255451387)	('>100', 11.790086779187286)	('>500', 3.970752714257212)	('>1k', 1.4344455575266601)	('>5k', 0.0)	('>10k+', 0.0)
240mTBTw5_S00_L001_R1_001	(1.0, 41.171517685417236)	(2.0, 15.856336154145643)	(3.0, 5.126920928164986)	(4.0, 1.8659896850262)	(5.0, 1.098339633854376)	(6.0, 0.875700297766841)	(7.0, 0.7580041986155144)	(8.0, 0.7122609819263578)	(9.0, 0.6165174405013341)	('>10', 10.58701446590899)	('>50', 4.6600465492921055)	('>100', 11.444051018561975)	('>500', 3.6150633332908764)	('>1k', 1.6122376275277233)	('>5k', 0.0)	('>10k+', 0.0)
240mTBTw5_S00_L002_R1_001	(1.0, 41.03234989751135)	(2.0, 16.059582542425982)	(3.0, 5.233743019453976)	(4.0, 1.9564802160044328)	(5.0, 1.1646074579612495)	(6.0, 0.9495724045533909)	(7.0, 0.8703839156558606)	(8.0, 0.691440620431515)	(9.0, 0.6749457493798451)	('>10', 10.555344674801745)	('>50', 4.441180186606846)	('>100', 10.92201961406159)	('>500', 3.6915279019226115)	('>1k', 1.7568217992296142)	('>5k', 0.0)	('>10k+', 0.0)
240mTBTw5_S00_L003_R1_001	(1.0, 41.89918068715873)	(2.0, 15.692514346944106)	(3.0, 5.197451935425618)	(4.0, 1.9962134703082972)	(5.0, 1.188111939187942)	(6.0, 0.9046665578184614)	(7.0, 0.8294321265336728)	(8.0, 0.7047219373149892)	(9.0, 0.6645482055253286)	('>10', 10.461336321490323)	('>50', 4.57764801073842)	('>100', 10.93870782551562)	('>500', 3.457791456333424)	('>1k', 1.4876751797050516)	('>5k', 0.0)	('>10k+', 0.0)
240mTBTw5_S00_L004_R1_001	(1.0, 41.66094312423528)	(2.0, 15.842163246192678)	(3.0, 5.097074615299101)	(4.0, 1.9777075802827389)	(5.0, 1.1511947407123495)	(6.0, 0.8878056655989499)	(7.0, 0.684451919681423)	(8.0, 0.7166958453324079)	(9.0, 0.6288258632839684)	('>10', 10.489038355456064)	('>50', 4.48582703009695)	('>100', 11.032001810682777)	('>500', 3.657162957804242)	('>1k', 1.6891072453409477)	('>5k', 0.0)	('>10k+', 0.0)
241mTBTw5_S00_L001_R1_001	(1.0, 43.046888256746726)	(2.0, 18.072336612965056)	(3.0, 6.251279460566798)	(4.0, 2.264314225549524)	(5.0, 1.1205772134421508)	(6.0, 0.8108351237651646)	(7.0, 0.7015491920421237)	(8.0, 0.6379252759215813)	(9.0, 0.5590097852406483)	('>10', 8.809248768943887)	('>50', 4.027602372729734)	('>100', 9.760085496041517)	('>500', 2.8978702543841894)	('>1k', 1.0404779616611202)	('>5k', 0.0)	('>10k+', 0.0)
241mTBTw5_S00_L002_R1_001	(1.0, 42.889796983578655)	(2.0, 18.264286502514622)	(3.0, 6.263606151864074)	(4.0, 2.224136708634642)	(5.0, 1.147242444229829)	(6.0, 0.8338707130653522)	(7.0, 0.7107754600984143)	(8.0, 0.6360404178869795)	(9.0, 0.5645499489359117)	('>10', 9.081968631457594)	('>50', 3.837103844479762)	('>100', 9.43045337858514)	('>500', 2.9632272028750046)	('>1k', 1.152941611793953)	('>5k', 0.0)	('>10k+', 0.0)
241mTBTw5_S00_L003_R1_001	(1.0, 44.4363106924682)	(2.0, 17.759962517120094)	(3.0, 6.037803153189696)	(4.0, 2.1922180436422063)	(5.0, 1.178143568259867)	(6.0, 0.8942548148014327)	(7.0, 0.7155906068376613)	(8.0, 0.6244778244702658)	(9.0, 0.5524514277968369)	('>10', 8.907538354296335)	('>50', 3.916483052494556)	('>100', 9.231455176213148)	('>500', 2.6813193925661505)	('>1k', 0.8719913758434743)	('>5k', 0.0)	('>10k+', 0.0)
241mTBTw5_S00_L004_R1_001	(1.0, 44.86754002111338)	(2.0, 17.436702960288198)	(3.0, 6.056976337636589)	(4.0, 2.1407118214225775)	(5.0, 1.082084408385893)	(6.0, 0.8347493087116138)	(7.0, 0.6805161178066561)	(8.0, 0.6398447284338092)	(9.0, 0.5559256984300035)	('>10', 8.92049863641519)	('>50', 3.8388305513682837)	('>100', 9.250894058451967)	('>500', 2.7375998541186894)	('>1k', 0.9571254974171944)	('>5k', 0.0)	('>10k+', 0.0)
242mTBTw5_S00_L001_R1_001	(1.0, 45.02063237638849)	(2.0, 18.430296046124777)	(3.0, 6.127744169561289)	(4.0, 2.1677955068179995)	(5.0, 1.0848447274388686)	(6.0, 0.8471888131926419)	(7.0, 0.6518369383800149)	(8.0, 0.6071536371581582)	(9.0, 0.547087578748625)	('>10', 8.654659049158154)	('>50', 3.82367270721408)	('>100', 9.258447501827328)	('>500', 2.259792092907665)	('>1k', 0.5188488550820063)	('>5k', 0.0)	('>10k+', 0.0)
242mTBTw5_S00_L002_R1_001	(1.0, 44.95044188882032)	(2.0, 18.033214278947707)	(3.0, 6.305813123912654)	(4.0, 2.1780707643308244)	(5.0, 1.2108945187961053)	(6.0, 0.8548310410733059)	(7.0, 0.7791048245982103)	(8.0, 0.6643210499950614)	(9.0, 0.6156814798075538)	('>10', 8.918620367835056)	('>50', 3.8241093103540362)	('>100', 8.811661009406022)	('>500', 2.30627415008015)	('>1k', 0.5469621920430896)	('>5k', 0.0)	('>10k+', 0.0)
242mTBTw5_S00_L003_R1_001	(1.0, 46.421237424421065)	(2.0, 17.891251764479275)	(3.0, 5.764316066488532)	(4.0, 2.162982869731669)	(5.0, 1.155737990291578)	(6.0, 0.8456299081824252)	(7.0, 0.7422209284711423)	(8.0, 0.6777371951167301)	(9.0, 0.5654447550441277)	('>10', 8.882900784981327)	('>50', 3.7292582489276707)	('>100', 8.67864853084026)	('>500', 2.0279166072374597)	('>1k', 0.45471692578673195)	('>5k', 0.0)	('>10k+', 0.0)
242mTBTw5_S00_L004_R1_001	(1.0, 47.01075159970665)	(2.0, 17.797572036539755)	(3.0, 5.868196365960435)	(4.0, 2.033625159075951)	(5.0, 1.1095047003635201)	(6.0, 0.8746162307118721)	(7.0, 0.680347483490515)	(8.0, 0.5893753798428524)	(9.0, 0.5374997422846753)	('>10', 8.493439466032687)	('>50', 3.730688343754471)	('>100', 8.702648120316606)	('>500', 2.109513202481454)	('>1k', 0.4622221694386414)	('>5k', 0.0)	('>10k+', 0.0)
297fTBTw1_S00_L001_R1_001	(1.0, 63.78698973999346)	(2.0, 11.671266765945418)	(3.0, 3.114423187472864)	(4.0, 1.6386678633870242)	(5.0, 1.2679659253817932)	(6.0, 1.0003118155790893)	(7.0, 0.9293175444162863)	(8.0, 0.7512226278246141)	(9.0, 0.6281382520530503)	('>10', 9.778908149653702)	('>50', 3.1060853181813455)	('>100', 2.2908013211136833)	('>500', 0.03590148899764879)	('>1k', 0.0)	('>5k', 0.0)	('>10k+', 0.0)
297fTBTw1_S00_L002_R1_001	(1.0, 63.32650110570943)	(2.0, 11.860537061097554)	(3.0, 3.146222913788841)	(4.0, 1.69911983055815)	(5.0, 1.3425814843204356)	(6.0, 1.1608752734813172)	(7.0, 0.9259418763409275)	(8.0, 0.7809984125528227)	(9.0, 0.7323999711366317)	('>10', 9.87201199690998)	('>50', 3.0133589931736737)	('>100', 2.1037401149062993)	('>500', 0.03571096602392044)	('>1k', 0.0)	('>5k', 0.0)	('>10k+', 0.0)
297fTBTw1_S00_L003_R1_001	(1.0, 64.11626407170957)	(2.0, 11.538263817069911)	(3.0, 3.11820907834183)	(4.0, 1.7165830447090136)	(5.0, 1.2306112570055299)	(6.0, 1.0338285011259079)	(7.0, 0.9439852148887793)	(8.0, 0.7495620473847308)	(9.0, 0.7433720119032322)	('>10', 9.68577865720034)	('>50', 2.970373469115714)	('>100', 2.1202577052303293)	('>500', 0.032911124315271496)	('>1k', 0.0)	('>5k', 0.0)	('>10k+', 0.0)
297fTBTw1_S00_L004_R1_001	(1.0, 64.82995433766348)	(2.0, 11.204930681198666)	(3.0, 2.9888194261969243)	(4.0, 1.6714968752857589)	(5.0, 1.3007424634882867)	(6.0, 1.0609154714107287)	(7.0, 0.895211327906287)	(8.0, 0.7620479444211187)	(9.0, 0.7102522777211612)	('>10', 9.468452296898677)	('>50', 2.948111956807741)	('>100', 2.1273595997414603)	('>500', 0.031705341259750115)	('>1k', 0.0)	('>5k', 0.0)	('>10k+', 0.0)
298mTBTw1_S00_L001_R1_001	(1.0, 42.45712688087676)	(2.0, 22.473953866392275)	(3.0, 9.09612525689758)	(4.0, 3.340270138975136)	(5.0, 1.4514851493434096)	(6.0, 0.953175771702006)	(7.0, 0.7205635783888272)	(8.0, 0.6590878543283423)	(9.0, 0.5785209844883888)	('>10', 8.958690231947791)	('>50', 3.7043923573790862)	('>100', 5.28052730972668)	('>500', 0.28908951296805235)	('>1k', 0.03699110658578089)	('>5k', 0.0)	('>10k+', 0.0)
298mTBTw1_S00_L002_R1_001	(1.0, 41.99189885393345)	(2.0, 21.536530827474536)	(3.0, 8.495118089050417)	(4.0, 3.1490238633768133)	(5.0, 1.5688825255216767)	(6.0, 1.109490143404585)	(7.0, 0.8664421186857887)	(8.0, 0.7587146732735459)	(9.0, 0.6257702684470866)	('>10', 10.04902895657743)	('>50', 3.881105416632437)	('>100', 5.605076036936811)	('>500', 0.31881052322574865)	('>1k', 0.04410770345974581)	('>5k', 0.0)	('>10k+', 0.0)
298mTBTw1_S00_L003_R1_001	(1.0, 43.405934733974526)	(2.0, 21.159684070557205)	(3.0, 8.330076244940622)	(4.0, 3.0987213821241983)	(5.0, 1.457746663115492)	(6.0, 1.021596752129633)	(7.0, 0.8315636123201378)	(8.0, 0.7470413598006712)	(9.0, 0.6374227822560496)	('>10', 9.624072374530806)	('>50', 3.912983727851678)	('>100', 5.459115922080124)	('>500', 0.27022651446264717)	('>1k', 0.04381385985623366)	('>5k', 0.0)	('>10k+', 0.0)
298mTBTw1_S00_L004_R1_001	(1.0, 43.74318582552072)	(2.0, 21.51228280895989)	(3.0, 8.77368620134915)	(4.0, 3.1156827542050913)	(5.0, 1.4759764259531352)	(6.0, 0.9887896867462344)	(7.0, 0.7759949841385945)	(8.0, 0.720650595702315)	(9.0, 0.6078877036365974)	('>10', 9.018688154993372)	('>50', 3.675724490634473)	('>100', 5.274214795493518)	('>500', 0.27537625256100196)	('>1k', 0.04185932010593132)	('>5k', 0.0)	('>10k+', 0.0)
299mDMSOw5_S00_L001_R1_001	(1.0, 43.10401453322966)	(2.0, 23.93115993435428)	(3.0, 9.922382793456793)	(4.0, 3.5478850250445046)	(5.0, 1.4231739839557296)	(6.0, 0.8113571683020666)	(7.0, 0.6942202485408165)	(8.0, 0.5962211278949872)	(9.0, 0.5254486671216164)	('>10', 7.777518152282465)	('>50', 3.200092760064538)	('>100', 4.2202713826173115)	('>500', 0.18517450789222958)	('>1k', 0.061079715242917124)	('>5k', 0.0)	('>10k+', 0.0)
299mDMSOw5_S00_L002_R1_001	(1.0, 42.31482753953011)	(2.0, 23.172495518209583)	(3.0, 9.307688240145943)	(4.0, 3.430247209992631)	(5.0, 1.4401962746781873)	(6.0, 0.9608006078020999)	(7.0, 0.8110512620725032)	(8.0, 0.6683594879099544)	(9.0, 0.5841883310894093)	('>10', 8.928647686665705)	('>50', 3.5172033010801367)	('>100', 4.584782087007879)	('>500', 0.23170077645188825)	('>1k', 0.04781167736413031)	('>5k', 0.0)	('>10k+', 0.0)
299mDMSOw5_S00_L003_R1_001	(1.0, 43.3825562699536)	(2.0, 22.77736192028093)	(3.0, 9.094186515102336)	(4.0, 3.2899617511984616)	(5.0, 1.4214547899393315)	(6.0, 0.9711039867587534)	(7.0, 0.7838824129399738)	(8.0, 0.6794739789470587)	(9.0, 0.594275792234211)	('>10', 8.691621721997835)	('>50', 3.5112402780934215)	('>100', 4.513851741329311)	('>500', 0.2289392957930001)	('>1k', 0.06008954543191007)	('>5k', 0.0)	('>10k+', 0.0)
299mDMSOw5_S00_L004_R1_001	(1.0, 44.20931618549888)	(2.0, 23.044779058198085)	(3.0, 9.333732388307903)	(4.0, 3.2785423620214997)	(5.0, 1.555588531038192)	(6.0, 0.9298392878190743)	(7.0, 0.7451374422557452)	(8.0, 0.5831272325484891)	(9.0, 0.5213059271891769)	('>10', 8.063695886479449)	('>50', 3.2838346303851824)	('>100', 4.224601463047271)	('>500', 0.19167519888180803)	('>1k', 0.034824406329172476)	('>5k', 0.0)	('>10k+', 0.0)
