Sample	fastqc-percent_duplicates	fastqc-percent_gc	fastqc-avg_sequence_length	fastqc-median_sequence_length	fastqc-percent_fails	fastqc-total_sequences
201fDMSOw1_S00_L001_R1_001	47.332165328492906	46.0	62.039852185030455	70	9.090909090909092	6.154857
201fDMSOw1_S00_L002_R1_001	46.286928961115926	46.0	62.16136785985476	70	9.090909090909092	5.9763139999999995
201fDMSOw1_S00_L003_R1_001	45.420266907072545	46.0	62.06522311710131	70	9.090909090909092	6.013972
201fDMSOw1_S00_L004_R1_001	45.42306073849925	45.0	62.460930510812325	70	9.090909090909092	5.810314
202fDMSOw1_S00_L001_R1_001	56.90643491151949	45.0	65.1660049221241	72	27.27272727272727	4.9072309999999995
202fDMSOw1_S00_L002_R1_001	54.999402304598995	45.0	65.2501432967033	72	27.27272727272727	4.834375
202fDMSOw1_S00_L003_R1_001	54.427902688175614	44.0	65.42436306688072	72	18.181818181818183	4.832453999999999
202fDMSOw1_S00_L004_R1_001	56.678839186091636	44.0	65.65558929435764	72	18.181818181818183	4.881949
203fDMSOw1_S00_L001_R1_001	51.649731235585094	44.0	64.3840523630636	72	27.27272727272727	4.687961
203fDMSOw1_S00_L002_R1_001	51.58455868673982	44.0	64.41036092114639	72	27.27272727272727	4.6058259999999995
203fDMSOw1_S00_L003_R1_001	50.920560273933795	44.0	64.33555105796161	72	27.27272727272727	4.6790449999999995
203fDMSOw1_S00_L004_R1_001	51.36907481707011	44.0	64.54293686104785	72	27.27272727272727	4.701741
204fTBTw1_S00_L001_R1_001	51.790120415288406	43.0	65.72298906203977	72	27.27272727272727	4.471309
204fTBTw1_S00_L002_R1_001	51.365520113453364	43.0	65.79519372135505	72	27.27272727272727	4.404135
204fTBTw1_S00_L003_R1_001	50.61047873425448	43.0	65.68607822951869	72	27.27272727272727	4.425644
204fTBTw1_S00_L004_R1_001	51.38399207719277	43.0	65.9572489869124	72	27.27272727272727	4.440386
205fTBTw1_S00_L001_R1_001	35.012007385194295	48.0	58.29128281870227	58	9.090909090909092	6.277442
205fTBTw1_S00_L002_R1_001	34.799267607985385	48.0	58.33528997280504	58	9.090909090909092	6.182028
205fTBTw1_S00_L003_R1_001	34.36071350738837	48.0	58.31079539659939	58	9.090909090909092	6.3244549999999995
205fTBTw1_S00_L004_R1_001	34.48028916359051	48.0	58.51118147336939	60	9.090909090909092	6.339415
206fTBTw1_S00_L001_R1_001	37.025563519764106	45.0	59.83860093041134	64	9.090909090909092	4.703726
206fTBTw1_S00_L002_R1_001	35.99588821139503	45.0	59.970972990733586	64	9.090909090909092	4.577392
206fTBTw1_S00_L003_R1_001	35.685251731227424	45.0	59.96235815286378	64	9.090909090909092	4.605486
206fTBTw1_S00_L004_R1_001	36.48587573918232	44.0	60.425623714950326	64	18.181818181818183	4.487667
213mDMSOw1_S00_L001_R1_001	50.90450699983946	48.0	59.51358151842651	64	18.181818181818183	16.032228
213mDMSOw1_S00_L002_R1_001	50.813292668943596	48.0	59.769560647301496	64	18.181818181818183	15.887804999999998
213mDMSOw1_S00_L003_R1_001	49.65795936889962	48.0	59.47885917876053	64	9.090909090909092	15.908417
213mDMSOw1_S00_L004_R1_001	49.51702977452167	48.0	59.83345595522776	64	9.090909090909092	15.608958
214mDMSOw1_S00_L001_R1_001	76.81783511078268	48.0	62.2425878065663	70	18.181818181818183	15.845512
214mDMSOw1_S00_L002_R1_001	77.21319937308274	48.0	62.4369799595516	70	18.181818181818183	15.885423
214mDMSOw1_S00_L003_R1_001	75.27180423311721	48.0	62.20549293671826	70	18.181818181818183	15.867341
214mDMSOw1_S00_L004_R1_001	75.53528624962107	48.0	62.50469421155599	70	18.181818181818183	15.811814
215mDMSOw1_S00_L001_R1_001	61.130888044594066	47.0	60.9711069598735	68	18.181818181818183	18.215719
215mDMSOw1_S00_L002_R1_001	61.473883539566835	47.0	61.110260311216805	68	18.181818181818183	18.211163
215mDMSOw1_S00_L003_R1_001	60.23949483246469	47.0	60.90679962665713	68	18.181818181818183	18.334889
215mDMSOw1_S00_L004_R1_001	60.46852005536759	47.0	61.0925470935722	68	18.181818181818183	18.37565
217mTBTw1_S00_L001_R1_001	44.30859563019865	47.0	57.84652786143695	58	9.090909090909092	16.186709999999998
217mTBTw1_S00_L002_R1_001	44.28731391092002	47.0	58.12681161673955	58	9.090909090909092	15.916101
217mTBTw1_S00_L003_R1_001	43.252841187024224	47.0	57.77112385508416	58	9.090909090909092	15.954557
217mTBTw1_S00_L004_R1_001	43.103938317017935	46.0	58.1340442134641	58	9.090909090909092	15.465288999999999
218mTBTw1_S00_L001_R1_001	52.430051266839705	43.0	61.881710903886514	70	18.181818181818183	17.976416
218mTBTw1_S00_L002_R1_001	51.294985411561214	43.0	62.36599862192957	70	18.181818181818183	17.53176
218mTBTw1_S00_L003_R1_001	49.8730964786102	43.0	61.870920226077835	70	9.090909090909092	17.006885999999998
218mTBTw1_S00_L004_R1_001	49.54766079151568	43.0	62.32252816269856	70	18.181818181818183	15.730293
225fDMSOw5_S00_L001_R1_001	34.11575834503503	45.0	61.38575888484533	70	9.090909090909092	4.794455999999999
225fDMSOw5_S00_L002_R1_001	33.78793712212578	45.0	61.494119430980085	70	9.090909090909092	4.708728
225fDMSOw5_S00_L003_R1_001	33.49540289995248	45.0	61.47775107684569	70	9.090909090909092	4.7555559999999995
225fDMSOw5_S00_L004_R1_001	33.93597009750624	45.0	61.8837944038367	70	9.090909090909092	4.693823
226fDMSOw5_S00_L001_R1_001	29.602191651013754	48.0	61.24411533297092	68	9.090909090909092	5.428387
226fDMSOw5_S00_L002_R1_001	29.616727313882308	48.0	61.22993355472438	68	9.090909090909092	5.364565
226fDMSOw5_S00_L003_R1_001	29.17412250745552	48.0	61.2461384402119	68	9.090909090909092	5.491887
226fDMSOw5_S00_L004_R1_001	29.378290938538143	48.0	61.38359541672987	68	9.090909090909092	5.531509
227fDMSOw5_S00_L001_R1_001	33.044874149288916	46.0	63.19901068601115	72	9.090909090909092	4.056144
227fDMSOw5_S00_L002_R1_001	32.59840365103166	46.0	63.37667119628692	72	9.090909090909092	3.917179
227fDMSOw5_S00_L003_R1_001	31.99696555454591	46.0	63.35294338920569	72	9.090909090909092	3.9344439999999996
227fDMSOw5_S00_L004_R1_001	32.47625444069719	46.0	63.8109651391988	72	9.090909090909092	3.780636
228fTBTw5_S00_L001_R1_001	39.99913231877423	46.0	64.440168303375	72	9.090909090909092	4.7000839999999995
228fTBTw5_S00_L002_R1_001	39.553632651077386	46.0	64.50454612087847	72	9.090909090909092	4.625042
228fTBTw5_S00_L003_R1_001	38.80778317758612	46.0	64.39452642856807	72	9.090909090909092	4.678006
228fTBTw5_S00_L004_R1_001	39.2727031340942	45.0	64.65031893589932	72	9.090909090909092	4.68903
230fTBTw5_S00_L001_R1_001	32.10780414742851	47.0	59.564140273773766	62	9.090909090909092	5.95236
230fTBTw5_S00_L002_R1_001	31.53826823368611	47.0	59.74576732844192	62	9.090909090909092	5.734675999999999
230fTBTw5_S00_L003_R1_001	30.62029412498849	47.0	59.88080067300737	62	9.090909090909092	5.715242
230fTBTw5_S00_L004_R1_001	30.87020295276902	47.0	60.43002172398867	64	9.090909090909092	5.408307
238mDMSOw5_S00_L001_R1_001	35.67391851419876	46.0	62.51286903513208	70	9.090909090909092	17.209371
238mDMSOw5_S00_L002_R1_001	35.81128459124051	46.0	62.80990420573303	72	9.090909090909092	17.139961
238mDMSOw5_S00_L003_R1_001	34.931441412039035	46.0	62.706161763990856	70	9.090909090909092	16.905938
238mDMSOw5_S00_L004_R1_001	35.285709501672116	46.0	63.12299089093967	72	9.090909090909092	16.526293
239mDMSOw5_S00_L001_R1_001	46.82521107812254	44.0	61.79808809302798	70	18.181818181818183	15.576647
239mDMSOw5_S00_L002_R1_001	46.73553216109785	44.0	62.04476309924091	72	18.181818181818183	15.578021
239mDMSOw5_S00_L003_R1_001	46.28966643832616	44.0	61.70730254825028	70	18.181818181818183	15.512448
239mDMSOw5_S00_L004_R1_001	46.272984936218634	44.0	61.98602003729494	70	18.181818181818183	15.423539
240mTBTw5_S00_L001_R1_001	47.43498835335394	45.0	59.204348763944644	62	9.090909090909092	15.558122
240mTBTw5_S00_L002_R1_001	47.36671565246486	45.0	59.42699080095059	62	9.090909090909092	15.610526
240mTBTw5_S00_L003_R1_001	46.700225626382874	45.0	59.13117014660584	62	9.090909090909092	15.606881999999999
240mTBTw5_S00_L004_R1_001	46.941466144471825	45.0	59.38403078238038	62	9.090909090909092	15.621404
241mTBTw5_S00_L001_R1_001	44.1106066390449	48.0	60.81132701202227	66	9.090909090909092	17.677450999999998
241mTBTw5_S00_L002_R1_001	44.156497414463324	48.0	61.07942830517582	66	9.090909090909092	17.564405999999998
241mTBTw5_S00_L003_R1_001	42.94264279200157	48.0	60.750642535477695	66	9.090909090909092	17.523546
241mTBTw5_S00_L004_R1_001	42.71497375150629	48.0	61.05052986953183	66	9.090909090909092	17.173001
242mTBTw5_S00_L001_R1_001	42.05050760654305	48.0	60.88337816078008	66	9.090909090909092	16.064191
242mTBTw5_S00_L002_R1_001	42.18012125909706	48.0	61.0992261198642	66	9.090909090909092	15.855426999999999
242mTBTw5_S00_L003_R1_001	40.999225306577834	48.0	60.83800879882048	66	9.090909090909092	15.890538999999999
242mTBTw5_S00_L004_R1_001	40.49886911470409	48.0	61.120744889471446	66	9.090909090909092	15.468898999999999
297fTBTw1_S00_L001_R1_001	27.64555559546544	48.0	53.737671368916224	50	9.090909090909092	6.540203
297fTBTw1_S00_L002_R1_001	27.92132513865515	48.0	53.87237129999502	50	9.090909090909092	6.3455319999999995
297fTBTw1_S00_L003_R1_001	27.3560616702254	48.0	53.82219479268192	50	9.090909090909092	6.457758
297fTBTw1_S00_L004_R1_001	26.864245435415896	48.0	54.329673966504124	50	9.090909090909092	6.209362
298mTBTw1_S00_L001_R1_001	41.197578766300936	50.0	54.92037212885607	52	9.090909090909092	16.648373
298mTBTw1_S00_L002_R1_001	42.23097809997599	50.0	55.124637188930336	52	9.090909090909092	16.479307
298mTBTw1_S00_L003_R1_001	41.13702091080901	50.0	54.9956708287133	52	9.090909090909092	16.5944
298mTBTw1_S00_L004_R1_001	40.52337793911721	50.0	55.380951605240355	52	9.090909090909092	16.175615
299mDMSOw5_S00_L001_R1_001	39.61788839318818	49.0	54.87598755408871	52	9.090909090909092	19.287298
299mDMSOw5_S00_L002_R1_001	40.89192797350011	49.0	55.12680322018306	52	9.090909090909092	18.972586
299mDMSOw5_S00_L003_R1_001	40.145156813948304	49.0	54.92641288033654	52	9.090909090909092	19.295707
299mDMSOw5_S00_L004_R1_001	39.152392324707044	49.0	55.37144150180739	52	9.090909090909092	18.701252999999998
