seqnames	start	end	width	strand	Conc	Conc_fDMSOw1	Conc_fTBTw1	Fold	p.value	FDR
1	chr4	94697200	94697600	401	*	5.84903875634451	6.54152689513053	4.95457953833097	0.7857090276006	4.16986039998106e-05	0.0312378330077795
2	chr1	194335469	194335869	401	*	6.49002753619311	7.09002290953315	5.78449530084344	0.74805607758794	7.33379741444174e-05	0.0312378330077795
3	chr5	127374153	127374553	401	*	6.05528890428674	6.70976580923961	5.24297090509916	0.734524112518175	0.000116808519016665	0.0312378330077795
4	chr6	77378279	77378679	401	*	5.7391040606473	6.40816384356552	4.8960771435748	0.730485413524974	0.000126429436598689	0.0312378330077795
5	chr19	13791840	13792240	401	*	6.2137278307212	6.84335470563069	5.45160086146196	0.727122770654075	0.000131104420221267	0.0312378330077795
6	chr11	32594005	32594405	401	*	5.81805533382711	6.44049663653853	5.0699657632533	0.715174126557623	0.000160661831924707	0.0312378330077795
7	chr5	144767279	144767679	401	*	5.67202034595444	6.3430085624561	4.82485951180624	0.709410361411783	0.000187180262393083	0.0312378330077795
8	chr2	27476401	27476801	401	*	6.44951367520837	7.03218292030473	5.77556046645459	0.699101418263195	0.00019129417769374	0.0312378330077795
9	chr17	29301693	29302093	401	*	5.35556422741912	6.01605738739801	4.53069371791454	0.708310512364466	0.000194643787511463	0.0312378330077795
10	chr13	73593264	73593664	401	*	6.94827683329344	7.53878227780927	6.26017364415709	0.702536675735985	0.00020061914879607	0.0312378330077795
11	chr7	116192140	116192540	401	*	7.2860639145061	7.83072144460631	6.67781947248399	0.6744229667095	0.00029778476294072	0.0312378330077795
12	chr2	156859269	156859669	401	*	6.03167834521748	6.58971167367558	5.40084739797108	0.675344349048781	0.000306906473105425	0.0312378330077795
13	chr8	22212974	22213374	401	*	6.28668926671558	6.84245139668264	5.65973334864719	0.668473900566453	0.000343081346012539	0.0312378330077795
14	chr2	87514898	87515298	401	*	7.38980555981038	7.93454131543731	6.78143065121782	0.667614003711488	0.000345440200141933	0.0312378330077795
15	chr4	110886125	110886525	401	*	5.7551645831027	6.38237395128075	4.99778342308393	0.672098718659673	0.000382062033812704	0.0312378330077795
16	chr3	96635265	96636050	786	*	7.11912972713901	7.62178934298514	6.57831515842145	0.647942628203095	0.000390420508566244	0.0312378330077795
17	chr8	68880352	68880752	401	*	6.21391185913758	6.80097341667134	5.53205393838478	0.669464964618844	0.000393647669516492	0.0312378330077795
18	chr5	66422830	66423230	401	*	6.19195727121028	6.77066737876248	5.52507184031128	0.666750589139015	0.000404270062481083	0.0312378330077795
19	chr5	113865619	113866019	401	*	5.92935802327116	6.5386114914241	5.20650432306854	0.668028741874034	0.000410822087608275	0.0312378330077795
20	chr9	73562866	73563266	401	*	5.76646777790197	6.3517310742368	5.08785428259345	0.666345001268041	0.00041506150443827	0.0312378330077795
21	chr2	160971074	160971474	401	*	6.19814649388951	6.78926149028117	5.50893354169949	0.664705342073266	0.000419297706894772	0.0312378330077795
22	chr10	100190980	100191380	401	*	7.25062553409491	7.80778986178198	6.62127919201418	0.660001083981716	0.000436282341882398	0.0312378330077795
23	chr2	61110544	61110944	401	*	5.68290752381348	6.28083705263382	4.9811971556198	0.657978091494017	0.000498187483009686	0.0312378330077795
24	chr12	17450208	17450608	401	*	5.92164659309661	6.49601203601334	5.26245542034007	0.652335638235521	0.000531946771487912	0.0312378330077795
25	chr6	118700882	118701282	401	*	6.59970762158299	7.1461978317297	5.98840162083358	0.647418318292628	0.00053854171149523	0.0312378330077795
26	chr5	96504888	96505288	401	*	6.6180042515504	7.18499590171152	5.97172631971106	0.648907258468075	0.000565283820652823	0.0312378330077795
27	chr17	54963016	54963416	401	*	6.04131185234298	6.63401383751197	5.34920337814725	0.647187820263769	0.000602804805928923	0.0312378330077795
28	chr1	89117736	89118136	401	*	7.43593070910921	7.96277132844032	6.85691873204921	0.636061674990181	0.00062177476729511	0.0312378330077795
29	chr19	51552030	51552430	401	*	5.28819940535875	5.93867721917711	4.48413659329815	0.640503500429771	0.000658884652736843	0.0312378330077795
30	chr5	150350525	150350925	401	*	5.05814978237586	5.72251525340458	4.2251137887758	0.638042524233741	0.000665426444187173	0.0312378330077795
31	chr7	66661496	66661896	401	*	5.08488553468253	5.72884963991698	4.29412012798986	0.639598615134248	0.000666751522941777	0.0312378330077795
32	chr11	94242735	94243135	401	*	5.87657919162912	6.51977286491869	5.08737456340752	0.63817296604517	0.000676821354974838	0.0312378330077795
33	chr4	136176943	136177343	401	*	6.48785143921222	7.03437395418654	5.87649137883157	0.635791871775584	0.000676891344952618	0.0312378330077795
34	chr4	21482021	21482421	401	*	7.33899685058126	7.84595830768479	6.79150676798586	0.626092786127094	0.000684590831194613	0.0312378330077795
35	chr15	32401844	32402244	401	*	6.2642882357536	6.82707111620822	5.62530010951848	0.63832847289357	0.000690630323119509	0.0312378330077795
36	chr8	85112897	85113297	401	*	7.4975898688629	8.03528730445985	6.90087863738788	0.632588478136037	0.000716794224921161	0.0312378330077795
37	chr9	74845963	74846363	401	*	5.15919411001115	5.85691030213062	4.25288568108104	0.622917956471428	0.000732885739296526	0.0312378330077795
38	chr15	61535752	61536152	401	*	7.07643610318364	7.62247883131896	6.46587859625237	0.632325970996857	0.00073467824951168	0.0312378330077795
39	chr12	77924892	77925292	401	*	6.22621096138831	6.79896792605216	5.56985212965323	0.633902620774524	0.00075105226009987	0.0312378330077795
40	chr11	87583372	87583772	401	*	6.00431403835051	6.56935452372872	5.36142284955353	0.632746935791095	0.000757444861172154	0.0312378330077795
41	chr14	105989096	105989496	401	*	6.56031241862024	7.12531677560994	5.91748382179916	0.629597891024964	0.000817022433538548	0.0312378330077795
42	chr10	88739002	88739402	401	*	6.20638511515033	6.75730576403275	5.58763477082223	0.628014648293305	0.000821723436511533	0.0312378330077795
43	chr16	30461140	30461540	401	*	6.97988428890579	7.5038149419754	6.40555721653856	0.620503217714456	0.000856360959046472	0.0312378330077795
44	chr3	102812041	102812441	401	*	7.16465422201214	7.71147924359161	6.55278778312947	0.624439616658667	0.000865134022898282	0.0312378330077795
45	chr13	71261193	71261593	401	*	6.48202216110909	7.04383875026228	5.84469952597157	0.625732094263451	0.000869948812692407	0.0312378330077795
46	chr12	31736546	31736946	401	*	6.89873974102599	7.40632894349264	6.35027127731725	0.614395124673967	0.00088733407613061	0.0312378330077795
47	chr2	35582713	35583113	401	*	5.85343656015529	6.37767843398523	5.27860961393386	0.614826420377014	0.000924498226938386	0.0312378330077795
48	chr12	16634967	16635367	401	*	7.46360562596252	7.97255764061409	6.91300937761147	0.612886852745929	0.000927266584745581	0.0312378330077795
49	chr7	113513083	113513483	401	*	7.26609271092518	7.77150998750275	6.72100470506308	0.611980078098406	0.000934896383932738	0.0312378330077795
50	chr14	31662198	31662598	401	*	5.91882495138504	6.52922493102215	5.19380383328906	0.620520507038334	0.000952248079072094	0.0312378330077795
51	chr13	114245469	114245869	401	*	5.99974256153108	6.60454944037904	5.28524805907254	0.621260761102546	0.000953164445997503	0.0312378330077795
52	chr7	98721121	98721521	401	*	6.03119739366364	6.56893541421053	5.43441933803286	0.613770334322434	0.000978704752579117	0.0312378330077795
53	chr1	55625928	55626328	401	*	6.8845840281703	7.42111799701293	6.28978636125087	0.616447922821153	0.000981698930620044	0.0312378330077795
54	chr13	74920349	74920749	401	*	5.80158500280199	6.37806493383292	5.13865716079015	0.619766640619369	0.000981867954935669	0.0312378330077795
55	chr7	143119253	143119653	401	*	6.56734446629355	7.03759596456689	6.07523912323964	0.593679097128612	0.00098617530993034	0.0312378330077795
56	chr9	42408755	42409155	401	*	6.84995891456156	7.34281057212669	6.32417635345261	0.603647232945938	0.000993064707113506	0.0312378330077795
57	chr14	40115339	40115739	401	*	6.18649450974214	6.71006915693897	5.61273889935867	0.610517317270377	0.00100369139870554	0.0312378330077795
58	chr8	127994913	127995313	401	*	7.23096330059298	7.77428305282734	6.62494712221663	0.616376711700091	0.00100416708066974	0.0312378330077795
59	chr10	25295053	25295453	401	*	6.19915326369085	6.73080370817174	5.61234329630014	0.613265997915245	0.0010186283756718	0.0312378330077795
60	chr4	139238459	139238859	401	*	7.11081989799679	7.64042789988397	6.52732959452464	0.612979676025712	0.00102795151018708	0.0312378330077795
61	chr8	106375673	106376073	401	*	7.58806353476447	8.10241616227138	7.02898428697833	0.609814176324526	0.00103370996046781	0.0312378330077795
62	chr10	35777233	35777633	401	*	6.46843412641932	7.02656166973428	5.83744207644556	0.615100188334876	0.00105518485603592	0.0312378330077795
63	chr11	25719936	25720336	401	*	6.67267343116361	7.1788397305186	6.12642109052108	0.604603776962221	0.00107357124810192	0.0312378330077795
64	chr5	138397050	138397450	401	*	7.09009625406541	7.59053979635442	6.55270080441058	0.604348454767723	0.00107892930366312	0.0312378330077795
65	chr16	83678653	83679053	401	*	5.74724412043113	6.29564313272601	5.13273832265678	0.607694047075752	0.00113547460375827	0.0312378330077795
66	chr14	96212681	96213081	401	*	6.9834977378387	7.48344666094861	6.44686360223127	0.601118077842316	0.00113702148027344	0.0312378330077795
67	chr12	59413284	59413684	401	*	7.2770458761757	7.81006796126927	6.68799958461515	0.608599037270863	0.0011392663419201	0.0312378330077795
68	chr5	73139993	73140393	401	*	6.73635064456042	7.24045537015431	6.19329924426471	0.600389629149426	0.00114862141921434	0.0312378330077795
69	chrX	158425802	158426202	401	*	6.03660987633544	6.57338227421258	5.44142039535165	0.605256468447165	0.00118380294740854	0.0312378330077795
70	chr13	44028415	44028815	401	*	6.17205839479224	6.70181468352091	5.58832748978747	0.604154511881727	0.00119020366126032	0.0312378330077795
71	chr6	4003124	4003524	401	*	6.36669133139134	6.92324474237364	5.73838723410319	0.607131968128125	0.001214517020804	0.0312378330077795
72	chr10	4346697	4347097	401	*	5.50972526622517	6.04002306276851	4.92511519120849	0.603288578103893	0.001233941424187	0.0312378330077795
73	chr6	88496532	88496932	401	*	5.56742489067807	6.14772059519157	4.89771536436789	0.604899433140424	0.00127001269557179	0.0312378330077795
74	chr14	68054548	68054948	401	*	5.39666665783754	6.0797375171804	4.52320287332658	0.585661835143961	0.00127402865300443	0.0312378330077795
75	chr12	82455782	82456182	401	*	6.62232931450631	7.13483155552334	6.06616575770987	0.596781638944972	0.00129552499146284	0.0312378330077795
76	chr14	39625535	39625935	401	*	6.88485960712198	7.42153767677393	6.28982515761125	0.601557654189619	0.00129780492919083	0.0312378330077795
77	chr15	76857140	76857540	401	*	6.46161168768804	7.02851790815221	5.81548230338351	0.603463674214725	0.00130476537802615	0.0312378330077795
78	chr13	32790191	32790591	401	*	5.58097700757215	6.09697447892747	5.01929783971645	0.599125061015127	0.00132325711140894	0.0312378330077795
79	chr12	13586447	13586847	401	*	7.73456784859927	8.23580430659554	7.19595056497772	0.594563767524876	0.00132770429031483	0.0312378330077795
80	chr17	34589702	34590102	401	*	7.24289816113116	7.74132317333712	6.70860545787152	0.592389661527446	0.00134065612215421	0.0312378330077795
81	chr16	20157571	20157971	401	*	6.40420914728748	6.95143487408764	5.79167151375812	0.600848672796698	0.00135067299136057	0.0312378330077795
82	chr18	73922049	73922449	401	*	6.61057536142207	7.1406682741673	6.02629802920788	0.598395066510148	0.00136253698825528	0.0312378330077795
83	chr2	7706623	7707023	401	*	7.3771602965609	7.88162010380425	6.83355840403069	0.592604028090511	0.00139797810923963	0.0312378330077795
84	chr5	26130802	26131202	401	*	5.29767656757022	5.86843173832395	4.64483051825859	0.599237759221795	0.00140418571716864	0.0312378330077795
85	chr2	124024193	124024593	401	*	7.34483401997491	7.83526939680128	6.82271526848938	0.58842804032542	0.00141977201016868	0.0312378330077795
86	chr18	67326231	67326631	401	*	5.96347366621347	6.49220419298111	5.38140577626872	0.595191755753101	0.00143583829239084	0.0312378330077795
87	chr12	71858316	71858716	401	*	6.89511207379665	7.36756954699141	6.39977691140675	0.580335805743033	0.00144695219192694	0.0312378330077795
88	chr18	74660498	74660898	401	*	6.18308748668336	6.7238009711731	5.581396660407	0.595618390170772	0.00146538513864237	0.0312378330077795
89	chr3	77737048	77737448	401	*	7.10874467832904	7.60782525679437	6.57344549072369	0.588265550573705	0.00149081273526867	0.0312378330077795
90	chr11	53771151	53771551	401	*	7.30924959257667	7.80764812925784	6.77499751257502	0.586780409221182	0.00151771209046732	0.0312378330077795
91	chr5	34619058	34619458	401	*	7.76216235286421	8.28723781451451	7.18599513603149	0.591701956722049	0.0015298146666687	0.0312378330077795
92	chr9	96579724	96580124	401	*	5.75378825621214	6.30253395046177	5.13870008499144	0.592124045052397	0.00153060655000758	0.0312378330077795
93	chr15	85064889	85065289	401	*	5.59512704416679	6.17669102628188	4.92315237050891	0.593844657780734	0.00153859854254195	0.0312378330077795
94	chr8	124948695	124949095	401	*	6.9521083023468	7.43114147212767	6.44707279926316	0.579855455474819	0.00155744526059554	0.0312378330077795
95	chr13	38832315	38832715	401	*	6.64774575379955	7.18334872379508	6.05447637413649	0.591894137875619	0.00155873819486769	0.0312378330077795
96	chr11	88707651	88708051	401	*	7.68607241274732	8.20148959201317	7.12531135627293	0.589206249934445	0.00156051789630059	0.0312378330077795
97	chr4	152189971	152190371	401	*	7.00673626211009	7.51446054306272	6.45805712751496	0.586151486470721	0.00159945139742826	0.0312378330077795
98	chr14	23856617	23857017	401	*	6.68222344299453	7.19156058394691	6.13102495566323	0.585056642490993	0.00165546647927966	0.0312378330077795
99	chr15	35277255	35277655	401	*	7.21123184527145	7.70724661348089	6.68062962292964	0.5815717805094	0.00168436982952726	0.0312378330077795
100	chr11	30888110	30888510	401	*	7.66357973906975	8.15764543301966	7.13595049182616	0.579160148173374	0.0017628502306377	0.0312378330077795
101	chr11	43209875	43210275	401	*	6.75539001499342	7.27389341126474	6.1897351085918	0.582588411956403	0.0017679779181582	0.0312378330077795
102	chr16	84370849	84371249	401	*	6.11705797668341	6.64689380233698	5.53319799300199	0.582941793166689	0.0017982453922763	0.0312378330077795
103	chr16	6959593	6959993	401	*	7.36073083062479	7.87092175848381	6.80819576789676	0.579781312425037	0.00184268438601673	0.0312378330077795
104	chr2	150809240	150809640	401	*	5.71460738385362	6.26411595098663	5.09823637927327	0.582849268189437	0.00184339085831999	0.0312378330077795
105	chr3	141523387	141523787	401	*	5.78154794691217	6.28329562439667	5.24214200026483	0.576716000131453	0.00185479773399677	0.0312378330077795
106	chr16	76691114	76691514	401	*	6.23102642712218	6.77912364201593	5.61702729831041	0.581841190782291	0.00186039292012975	0.0312378330077795
107	chr5	114044579	114044979	401	*	5.58732650372081	6.14456528294756	4.95785306309331	0.582288183365895	0.00186219427781421	0.0312378330077795
108	chr7	31103656	31104056	401	*	6.4196700108146	6.95246710229678	5.83099093268039	0.580814792179007	0.00188918774040133	0.0312378330077795
109	chr4	55125032	55125432	401	*	7.0403764854709	7.5247227625531	6.52742262182942	0.572370575606973	0.00190685677497678	0.0312378330077795
110	chr15	50420907	50421307	401	*	6.36754412594236	6.90910441772688	5.76445021961592	0.580464097732835	0.00190897347848402	0.0312378330077795
111	chr13	56890149	56890549	401	*	5.85726301840971	6.42618630878964	5.2076198528449	0.579956969062289	0.00193437557957699	0.0312378330077795
112	chr4	67972279	67972679	401	*	5.89040867030771	6.42414232007178	5.30020003676903	0.579081398590435	0.00195739951469766	0.0312378330077795
113	chr2	6483016	6483416	401	*	7.51145654013796	8.02205530413938	6.95828230655726	0.575173426671021	0.00201304734348642	0.0312378330077795
114	chr15	93089717	93090117	401	*	6.71882720341396	7.26955490379387	6.10040234387474	0.577180412868461	0.00203633557683452	0.0312378330077795
115	chr18	14218163	14218563	401	*	5.53976654417206	6.10441839493353	4.89754843524983	0.576432677412019	0.00205472439551166	0.0312378330077795
116	chrX	71326955	71327355	401	*	7.16975070817209	7.68143372870232	6.61487494236769	0.574175215738737	0.00206092335791266	0.0312378330077795
117	chr2	155158720	155159120	401	*	5.35093421160046	6.0026797975772	4.54426196525524	0.563725055635715	0.002063262341847	0.0312378330077795
118	chr16	83945651	83946051	401	*	6.36813260779718	6.86158717048758	5.84143344976029	0.568577778673625	0.00207803990323812	0.0312378330077795
119	chr18	35034891	35035291	401	*	7.0652328009281	7.56514569669393	6.52865409244397	0.571382268255673	0.00208258675521897	0.0312378330077795
120	chr11	96769980	96770380	401	*	5.82705497147694	6.40769518321662	5.15673070293758	0.575379944654643	0.00208290183588808	0.0312378330077795
121	chr14	21613390	21613790	401	*	6.79608775497968	7.32783770919259	6.20911573487006	0.575473124725554	0.00208293379835496	0.0312378330077795
122	chr16	30941886	30942286	401	*	5.41859546545519	6.02196400198425	4.70678910166911	0.574104403056225	0.00209241983927127	0.0312378330077795
123	chr2	29195911	29196311	401	*	4.77511277913997	5.47643315037973	3.860553265029	0.549442840134685	0.00209952155603106	0.0312378330077795
124	chr4	116307585	116307985	401	*	5.37727101163435	5.93489789074266	4.74713474593824	0.575028559249603	0.00210648803852473	0.0312378330077795
125	chr8	123195022	123195422	401	*	6.9842298094469	7.45380243102361	6.49311598077232	0.56366050803348	0.00212796182958104	0.0312378330077795
126	chr17	14466510	14466910	401	*	6.31940082869372	6.80868106695352	5.79902817200458	0.564187454543882	0.00213252686404355	0.0312378330077795
127	chr7	46254894	46255294	401	*	7.11072050385462	7.55159904449174	6.66049213450326	0.551946864591607	0.00213863547023724	0.0312378330077795
128	chr14	32536208	32536608	401	*	6.986179086252	7.47135750292214	6.47197844899225	0.566640800839899	0.00214853500547683	0.0312378330077795
129	chr4	140977329	140977729	401	*	7.38324200704143	7.87823302074177	6.85420260940546	0.568513054329521	0.00215177328037909	0.0312378330077795
130	chr2	84986020	84986420	401	*	6.92452948321481	7.41350896597295	6.40461086958472	0.565563030021766	0.00217731458413438	0.0312378330077795
131	chr19	23615753	23616153	401	*	7.51499692852708	8.01990444043899	6.97070045511692	0.569364536538551	0.00220723941909218	0.0312378330077795
132	chr5	62610999	62611399	401	*	7.09983950133783	7.55452905797252	6.63017817485549	0.556557072940333	0.00223782348790204	0.0312378330077795
133	chr5	8817634	8818034	401	*	6.78544871789536	7.24540677946194	6.30825500709492	0.55812459858333	0.00224277987351305	0.0312378330077795
134	chr12	28726055	28726455	401	*	7.17254820545626	7.68733086439944	6.61278996735013	0.569561381793388	0.00224998058004145	0.0312378330077795
135	chr1	170992171	170992571	401	*	6.86223473417347	7.385720801429	6.28862125558753	0.568757711575755	0.00230261341934183	0.0312378330077795
136	chr12	64363208	64363608	401	*	6.57558970128663	7.07571788352519	6.03867972797048	0.566189862755335	0.00230373017841184	0.0312378330077795
137	chr19	45825847	45826247	401	*	7.28717914793364	7.80550988668868	6.72179874233379	0.568511864232205	0.00230402227800862	0.0312378330077795
138	chr2	141085036	141085436	401	*	6.27338618227694	6.76275693284136	5.7528768349121	0.561456390560293	0.00233685237684557	0.0312378330077795
139	chr2	136037947	136038347	401	*	6.06722019267629	6.625958291822	5.43518343102588	0.567836624304698	0.00236702757223546	0.0312378330077795
140	chr7	111439718	111440118	401	*	6.3752648870727	6.92173059707307	5.76399988326607	0.567828599856107	0.00237673919212619	0.0312378330077795
141	chr13	28356506	28356906	401	*	7.17993193924212	7.66020845298323	6.67304992560564	0.560385998416196	0.00239190424697998	0.0312378330077795
142	chr1	46853466	46853866	401	*	5.46448981099135	6.03406738918896	4.81370396282242	0.564312631181142	0.00239702937316351	0.0312378330077795
143	chr17	5841302	5842020	719	*	6.41253982945543	6.85732292423873	5.95686279272111	0.547677121256983	0.00240547597953353	0.0312378330077795
144	chr13	8113161	8113561	401	*	5.50743816548678	6.05917922411848	4.88730256495102	0.566478716236223	0.00242675086471309	0.0312378330077795
145	chr1	77688425	77688825	401	*	6.44707672143735	6.92534624090284	5.94317337008353	0.555173392639499	0.00247069383950582	0.0312378330077795
146	chr18	75980163	75980563	401	*	6.38371867957021	6.88823640533748	5.84002696167409	0.562466164968088	0.00247507240136182	0.0312378330077795
147	chr11	75827447	75827847	401	*	7.12999929832379	7.62821722679288	6.5960242877958	0.561739598102541	0.00249022380737003	0.0312378330077795
148	chr13	25692172	25692572	401	*	6.61905995988476	7.15109257933175	6.0316274559447	0.564071027499022	0.00252422596931545	0.0312378330077795
149	chr6	143835190	143835590	401	*	5.79771019211526	6.30576401900532	5.248516879707	0.560831241735669	0.00253639914264654	0.0312378330077795
150	chr5	144884530	144884930	401	*	7.82299249622161	8.32751490203048	7.27929351968548	0.56137998255993	0.00255108026117428	0.0312378330077795
151	chr6	140578644	140579044	401	*	6.83429835783618	7.27744460047772	6.380909791935	0.543166093858	0.00257805717180857	0.0312378330077795
152	chr1	128303911	128304311	401	*	5.51295647238875	6.03528736647232	4.9411944594852	0.560916063152751	0.00262759423835102	0.0312378330077795
153	chr1	153544737	153545137	401	*	7.47072654637822	7.95696945233651	6.95492838916552	0.556895942486815	0.00263342352222784	0.0312378330077795
154	chr4	18085337	18085737	401	*	6.89336267868513	7.37133228046543	6.38990356443248	0.554883106929231	0.00263642488427758	0.0312378330077795
155	chr5	20282057	20282457	401	*	6.77074518224747	7.23543366493743	6.28673106548284	0.550205780888945	0.00264463997682027	0.0312378330077795
156	chr11	68266222	68266622	401	*	6.58422179517742	7.06556960527431	6.07574560505244	0.554460239821509	0.00265806506794322	0.0312378330077795
157	chr6	119388643	119389043	401	*	4.71311756470388	5.31160022254904	4.01038542134101	0.558127625807235	0.00265810354319125	0.0312378330077795
158	chr6	31636740	31637140	401	*	7.22967665522023	7.7413589394042	6.67480204608524	0.559870472075432	0.00265875092916757	0.0312378330077795
159	chr15	7408398	7408798	401	*	5.42194327883289	5.9818694233618	4.78787023232449	0.560377132707484	0.00266284287398702	0.0312378330077795
160	chr11	47341414	47341814	401	*	7.32497180618204	7.76938939407571	6.86980632208592	0.544186956142816	0.00271386551710048	0.0312378330077795
161	chr3	119462975	119463375	401	*	6.76185008908609	7.26151713928957	6.2256495137768	0.557038921886946	0.0027164640455521	0.0312378330077795
162	chr16	43409985	43410385	401	*	5.6449437837722	6.24351665044012	4.94204489509453	0.557311204012128	0.00271997753505895	0.0312378330077795
163	chr4	88440339	88440739	401	*	7.04685611331407	7.50960752190312	6.5656415094585	0.549063913202571	0.00272816384148454	0.0312378330077795
164	chr17	58603215	58603615	401	*	6.75195231333902	7.23617496096042	6.2391835273705	0.552870761719466	0.00274397113787947	0.0312378330077795
165	chr14	74392083	74392483	401	*	6.19990980613141	6.69851364937731	5.66534266035146	0.555182680800727	0.00274600561110673	0.0312378330077795
166	chr19	6826164	6826564	401	*	7.05300619416427	7.53603242910892	6.54202643656465	0.553396768310163	0.00275162151168573	0.0312378330077795
167	chr4	45507012	45507412	401	*	6.4622834731452	7.00323765151722	5.86019406228245	0.558716182235792	0.00275917615549878	0.0312378330077795
168	chr3	115854785	115855185	401	*	6.72135565958737	7.24124723025031	6.15349065774382	0.557890018793419	0.00276539886412155	0.0312378330077795
169	chr2	167991582	167991982	401	*	5.73412150459712	6.29208274883915	5.10341379853172	0.55796071586297	0.00277808721258152	0.0312378330077795
170	chr8	78674962	78675362	401	*	5.10003156362664	5.6828331009483	4.4258412545006	0.55613560743555	0.00278039208014362	0.0312378330077795
171	chr7	55854576	55854976	401	*	7.62898489431997	8.11792514634726	7.10912548883221	0.554206601096644	0.00278158435751112	0.0312378330077795
172	chr5	54697904	54698304	401	*	6.42607152051531	7.00807955105797	5.75330246240622	0.55478588483136	0.00279257134996781	0.0312378330077795
173	chr1	109467522	109467922	401	*	6.09007219801651	6.58606391885932	5.55950518975198	0.552805807727783	0.00282694471784123	0.0313688534393017
174	chr2	25167673	25168073	401	*	5.89065449550342	6.39769532701994	5.34304076297359	0.554459602237292	0.0028430696708826	0.0313688534393017
175	chr2	167594841	167595241	401	*	5.83320546265277	6.41640817865448	5.15829577078152	0.552350955064286	0.00285319612883462	0.0313688534393017
176	chr14	114927317	114927717	401	*	7.23161467837004	7.70426627596031	6.73599471067263	0.54860160878848	0.00288714535038079	0.0315617480348446
177	chr8	75861546	75861946	401	*	6.56544485469163	7.03279088407251	6.07757497441421	0.544651840978857	0.00291028375546695	0.0316349488447368
178	chr19	31319219	31319619	401	*	6.8712715201579	7.35719094415617	6.35595913658002	0.550835956326801	0.00293460555913567	0.0317201185156013
179	chr2	52750937	52751337	401	*	6.46895095599891	6.98066706661544	5.9140232099696	0.553397236056945	0.00297528617599552	0.0319748014012113
180	chr17	67006722	67007122	401	*	6.04377304592168	6.56649487056669	5.47138489690728	0.553172932680683	0.00300449215759814	0.0319748014012113
181	chr1	69426596	69426996	401	*	6.60441865842957	7.07826011140801	6.10705095257598	0.545453876481887	0.00300802445614306	0.0319748014012113
182	chr19	48814661	48815061	401	*	6.06693017315378	6.59136744395451	5.49178924226478	0.55174988734714	0.00307701670257177	0.0325284622843302
183	chr8	110094651	110095051	401	*	6.07264361556785	6.60184154697338	5.48981833090701	0.550647764626197	0.00314156557559364	0.0330293561062413
184	chr3	98045672	98046072	401	*	6.49168885522595	6.91115980180608	6.07071881986908	0.527410979661775	0.00320883194096881	0.0335532209479565
185	chr17	28356734	28357134	401	*	6.4694359962474	6.95645659446359	5.95246886072679	0.544056150515744	0.00326978293225564	0.0337584408998655
186	chr4	140475217	140475617	401	*	7.03007993978756	7.52719135722722	6.49780050141761	0.546292804759628	0.00327565107345881	0.0337584408998655
187	chr4	57455688	57456088	401	*	5.74070149433964	6.25128845495004	5.18754576584362	0.546482640936131	0.00328109586708671	0.0337584408998655
188	chr16	5255977	5256377	401	*	5.58365897272631	6.07394388029622	5.06176786790498	0.544622059552141	0.00330385792077798	0.0337989345766107
189	chr11	90449659	90450059	401	*	5.3796646562076	5.93359628093169	4.75581989565725	0.547225697106307	0.00332016561069616	0.0337989345766107
190	chr9	92265816	92266216	401	*	6.03311842868589	6.56489521229701	5.4461027115703	0.546335596518366	0.00337122110183414	0.033949214823892
191	chr7	91755104	91755504	401	*	6.03616871740115	6.58282213232308	5.42458957295053	0.546146811937615	0.00338144078722412	0.033949214823892
192	chrX	55497946	55498346	401	*	5.96823746734766	6.49963234659907	5.38184355622819	0.545953417224658	0.00339267920239427	0.033949214823892
193	chr5	22615810	22616210	401	*	6.91737946391418	7.43035407839969	6.36047249401386	0.545384707453409	0.00340550855561911	0.033949214823892
194	chr4	97488563	97488963	401	*	5.91053963352966	6.46454912123864	5.28656275256177	0.544338209988169	0.00342666790364256	0.0339840672505582
195	chr6	31733053	31733453	401	*	7.04881302417611	7.53710829227703	6.52992646805136	0.540452228000045	0.00351529735833905	0.0344675462557878
196	chr13	29303553	29303953	401	*	5.98765280852315	6.51358756452545	5.41010187271601	0.543583972930578	0.00351722091854618	0.0344675462557878
197	chr8	92189407	92189807	401	*	6.25926219595041	6.7587093580316	5.72339969036533	0.540958239779439	0.00352916144095125	0.0344675462557878
198	chr18	34954037	34954437	401	*	6.25042315132096	6.76371152753592	5.69302204224975	0.541510994451873	0.00361097351185918	0.0345568484453614
199	chr7	138427399	138427799	401	*	6.80258592085335	7.29513398961419	6.27726454069388	0.539928992829166	0.00361425560729956	0.0345568484453614
200	chr10	58396269	58396669	401	*	5.96891981838058	6.44563358871647	5.46731835226725	0.537546616639268	0.00361998745452146	0.0345568484453614
201	chr6	144337230	144337630	401	*	5.26057657969667	5.81740670384716	4.63180054823969	0.540004649109594	0.00363834882926084	0.0345568484453614
202	chr12	103856196	103856596	401	*	7.03382942172119	7.48718813226199	6.56606027028715	0.531537676291208	0.00365161668086113	0.0345568484453614
203	chr9	121902720	121903120	401	*	5.63086204482158	6.13028011837739	5.09504425196015	0.539226526206494	0.0036547511732355	0.0345568484453614
204	chr18	45632267	45632667	401	*	6.29414731727779	6.83205373595305	5.69709193667309	0.540928827272495	0.00366403174784497	0.0345568484453614
205	chr10	58788797	58789197	401	*	6.26363706123947	6.78904355404485	5.68693704070913	0.54076061786688	0.00368652221652983	0.0345993597297726
206	chr9	10603544	10603944	401	*	5.42858016904052	5.98376331306397	4.80260945788953	0.539904233988959	0.00371631405821736	0.0347096516893699
207	chr3	158964213	158964613	401	*	6.89929294244212	7.38939100127113	6.37768444019914	0.536954614206052	0.00381009525163387	0.0354136389572153
208	chr12	89815772	89816172	401	*	5.45531244284675	5.98691021950295	4.86858823371239	0.537907705175114	0.00385476211513245	0.0356565495649751
209	chr4	151983980	151984380	401	*	5.11865367164864	5.70900154257383	4.43083714930066	0.530604772971479	0.00390316716034403	0.0359315484043154
210	chr13	114985759	114986159	401	*	7.12903976418647	7.60225120664581	6.63259790265933	0.532887526787833	0.00392516882083093	0.035962022910851
211	chr1	26851170	26851570	401	*	6.66567508087068	7.13318333378647	6.17756927030791	0.52931586872002	0.0040013715238068	0.0362793764044899
212	chr7	46725223	46725623	401	*	5.63236936046604	6.1974985127724	4.98932453918162	0.533289683886396	0.00400659198215395	0.0362793764044899
213	chr4	116960599	116960999	401	*	5.71679835382878	6.24013910167563	5.14341799967706	0.534913319419682	0.00403019978991351	0.0362793764044899
214	chr6	137888044	137888444	401	*	5.37040200645048	5.92718363483574	4.7417087021972	0.533571754745172	0.00405028601395747	0.0362793764044899
215	chr12	40448120	40448520	401	*	6.81753659637381	7.30283693670562	6.30315313301112	0.53259710757116	0.00405408831962855	0.0362793764044899
216	chrX	136679033	136679433	401	*	6.08022344385737	6.61134019532388	5.49428210049877	0.534110601261676	0.00407676787546641	0.0363134323722101
217	chr4	152212967	152213367	401	*	5.62273435347318	6.17724105471953	4.99791333085453	0.531005970564921	0.00412575148232575	0.0365803956313122
218	chr4	143930883	143931283	401	*	5.81509810340379	6.36068979150413	5.20529441423559	0.531786851817907	0.00416595576092618	0.0367674260734953
219	chr18	4368543	4368943	401	*	5.89214037387246	6.38610294015233	5.36466814777267	0.529866760915105	0.00420217449859936	0.0368224610761642
220	chr11	99370784	99371184	401	*	5.02510113628085	5.62854024815854	4.31316305245946	0.521551789398821	0.00421046852222252	0.0368224610761642
221	chr3	83624381	83624781	401	*	6.52465513347742	7.00963056308157	6.01075879229065	0.528935070084698	0.00423493692474165	0.0368688626389273
222	chr7	111224617	111225017	401	*	5.37137877614027	5.95600364188549	4.69391441493301	0.523190408452323	0.00430923388018966	0.0372178733377567
223	chr6	72570393	72570793	401	*	7.37956480247769	7.85418917428783	6.88104515011852	0.528135654648139	0.0043137140095217	0.0372178733377567
224	chr9	103958732	103959132	401	*	5.66366184131374	6.18756815497809	5.08937385035417	0.530460954320615	0.00433862379345584	0.0372490975248897
225	chr8	69176411	69176811	401	*	5.91081662653434	6.3647631860355	5.44221220231361	0.522377444021012	0.0043966551079653	0.0372490975248897
226	chr19	24842282	24842682	401	*	6.11792493937172	6.58006907066409	5.63758609967955	0.522806743952701	0.00440812138380986	0.0372490975248897
227	chr6	84723995	84724395	401	*	6.69506568883135	7.20546966076356	6.14219679604932	0.529258634843985	0.00442199494676122	0.0372490975248897
228	chr3	147688935	147689335	401	*	5.72435743593333	6.22496395166225	5.18671099358983	0.527423957469801	0.00444101478727466	0.0372490975248897
229	chr11	31610341	31610741	401	*	7.57978301322327	8.05375460875941	7.08222392933805	0.526012384997836	0.0044438941239069	0.0372490975248897
230	chr11	33744488	33744888	401	*	6.65045674861386	7.14540881780717	6.12147674688819	0.527293139456766	0.0045334662999261	0.0372490975248897
231	chr16	64381596	64381996	401	*	5.90110293047476	6.45621447407959	5.27525398095588	0.526168444194121	0.00456168970143604	0.0372490975248897
232	chr4	92459903	92460303	401	*	7.42142145060756	7.889482746004	6.93251083141116	0.523793340868137	0.00456276202647886	0.0372490975248897
233	chr7	6914365	6914765	401	*	5.92441049152922	6.36068979150413	5.48055514755925	0.515352470794323	0.00457598538387702	0.0372490975248897
234	chr5	83692953	83693353	401	*	5.42290178452173	5.94529379395383	4.85104191498561	0.526402317265158	0.00458644795334965	0.0372490975248897
235	chr14	8899977	8900377	401	*	6.55157724537687	7.03790178075659	6.03565646200037	0.52562697542939	0.00460562148151969	0.0372490975248897
236	chr15	44647226	44647626	401	*	5.95269012060955	6.43506279341975	5.4426860904718	0.52322510776096	0.00461067800697257	0.0372490975248897
237	chr4	80694271	80694671	401	*	5.64224972717227	6.16917050475496	5.06310834964548	0.52648394529804	0.00461359925099994	0.0372490975248897
238	chr14	46637778	46638178	401	*	5.93996970022956	6.43026094944797	5.41806900225971	0.524428038160352	0.00461571138861149	0.0372490975248897
239	chr15	50869577	50869977	401	*	6.4802172101297	6.9239665911595	6.02598612524688	0.51516829206766	0.00463064711841643	0.0372490975248897
240	chr11	96918779	96919179	401	*	5.64520572556734	6.22485646487481	4.97664598382233	0.520812415517251	0.00467113894794396	0.0372490975248897
241	chr5	65643207	65643607	401	*	5.71400842071862	6.27198574409143	5.08327322587752	0.524877635302058	0.00469944531274561	0.0372490975248897
242	chr12	8777272	8777672	401	*	7.57386534951755	8.04287269846353	7.08357623878359	0.52177609003766	0.00471906357015998	0.0372490975248897
243	chr8	48637460	48637860	401	*	6.13907422391154	6.64458174057016	5.59384602417947	0.525005497966522	0.00472726816993009	0.0372490975248897
244	chr9	98126304	98126704	401	*	6.24094692993629	6.68376385106816	5.78801803436721	0.517751821395875	0.00474726076265111	0.0372490975248897
245	chr13	32854742	32855142	401	*	6.81240141439944	7.27311927339816	6.33411588982554	0.519271762238039	0.0047621097990688	0.0372490975248897
246	chr17	11153419	11153819	401	*	5.59976290514516	6.18636534608054	4.91873440177829	0.517554899492507	0.00481387147079862	0.0372490975248897
247	chr5	119496181	119496581	401	*	5.71074599862406	6.19978054448952	5.19074427536072	0.521108309952058	0.00481616306445864	0.0372490975248897
248	chr3	52024238	52024638	401	*	6.34872396389511	6.86425989045562	5.78777510851525	0.523728046386511	0.00482193355077306	0.0372490975248897
249	chr19	61069504	61069904	401	*	5.59553278124505	6.11608369127724	5.0266161198922	0.522940708953114	0.00484631409361918	0.0372490975248897
250	chr18	60690760	60691160	401	*	7.04475728234442	7.50460743900317	6.56771851516199	0.518489351305637	0.00486148359694944	0.0372490975248897
251	chr9	111626489	111626889	401	*	6.88145741115869	7.30510837500038	6.45485470829214	0.507519529751236	0.00486966915153624	0.0372490975248897
252	chr16	35882007	35882407	401	*	6.13151586408394	6.63176210120298	5.59442418449542	0.52294140631187	0.0048787799252974	0.0372490975248897
253	chr7	132985429	132985829	401	*	5.6780452054442	6.20086293597171	5.10550338079152	0.522415772148046	0.00492282848835872	0.0373305119831629
254	chr2	172939790	172940546	757	*	5.5720947274169	6.04474326482456	5.07647925013216	0.520682379960178	0.00492824846347369	0.0373305119831629
255	chr2	52980736	52981136	401	*	7.07939090716501	7.58011302016391	6.54156639171868	0.521376714856984	0.00499338631998249	0.0376755893319463
256	chr3	96995824	96996224	401	*	6.21067311866889	6.73260757417722	5.63954561329193	0.520786692497331	0.00504321662210586	0.0379016571248156
257	chr11	19236643	19237043	401	*	5.96754858550311	6.44554134758781	5.46405517444606	0.518536928973831	0.00506274733943742	0.0379016571248156
258	chr19	47925786	47926186	401	*	7.02109316284935	7.50201116259394	6.51325691946731	0.518502003298376	0.00515523883863995	0.038348340888629
259	chr8	105193351	105193751	401	*	6.1395289666454	6.68446343787114	5.53082255011843	0.517026424113492	0.00516227665808467	0.038348340888629
260	chr4	30105843	30106243	401	*	6.67186545411775	7.11648641182458	6.21641537802242	0.510918367091667	0.00519389563251129	0.0384348276805835
261	chr15	60256825	60257225	401	*	6.89243421960617	7.34423599948686	6.42687333175943	0.512550274316802	0.00524626865129321	0.0386736432378856
262	chr4	116000111	116000511	401	*	5.12754578225652	5.64585480892321	4.56219988975583	0.516421128810821	0.00538321435432204	0.0395316962508229
263	chr18	24108248	24108648	401	*	5.71384144116529	6.22175787800102	5.1648625297095	0.515415986825081	0.00548637258378028	0.039796329844731
264	chr8	19189071	19189471	401	*	5.54068850971192	6.05534653014575	4.98112712103613	0.514941011894043	0.00549404834164819	0.039796329844731
265	chr12	106398842	106399242	401	*	5.83008882684731	6.34015386784933	5.27775096344469	0.515353401131179	0.00549425165966592	0.039796329844731
266	chr11	20463142	20463542	401	*	6.54570245464384	7.01210512671892	6.05920325985513	0.51244035906031	0.00550198739017591	0.039796329844731
267	chr12	103920825	103921225	401	*	6.36506280383244	6.86795345299567	5.82389101044197	0.51457515852246	0.00554804473942239	0.0399791688338902
268	chr15	4376860	4377260	401	*	6.77150527075336	7.2466167564264	6.27226812384936	0.512369741930081	0.0055810507421954	0.0400669463730745
269	chr1	64951733	64952133	401	*	7.0335076249156	7.48621096687934	6.56666871417185	0.508194082289842	0.00562939314948885	0.0401612683420085
270	chr14	48574648	48575048	401	*	5.65819188095716	6.21490202212627	5.02962051048731	0.510567523472799	0.00563593682554173	0.0401612683420085
271	chr2	129109288	129109688	401	*	5.3219793034156	5.85222156778448	4.73745942802134	0.51176629341954	0.00567846830604617	0.0402939654806077
272	chr14	67235814	67236214	401	*	5.97091623737411	6.4593010495646	5.45189468430904	0.512324411252418	0.00570383590842748	0.0402939654806077
273	chr17	51369034	51369434	401	*	6.63061958695238	7.1099747766047	6.12510622624791	0.511925186770051	0.00571738699387001	0.0402939654806077
274	chr10	91915348	91915748	401	*	7.04532174841416	7.52632605055023	6.53735704704756	0.511226602389156	0.00578821044498133	0.0404107535986486
275	chr14	16249556	16249956	401	*	6.91662507405944	7.32709199023742	6.50765924797939	0.49620531588306	0.00579820459806943	0.0404107535986486
276	chr6	87942990	87943390	401	*	5.2684685619754	5.8275630032211	4.63582151512305	0.509832452420044	0.00580565984112293	0.0404107535986486
277	chr10	108347051	108347451	401	*	6.04510251779146	6.51872985111152	5.54804958770203	0.509071483728567	0.00581797232163496	0.0404107535986486
278	chr19	49077441	49077841	401	*	6.32599573678892	6.7891854526114	5.84414848341871	0.50923929302395	0.00591494030248931	0.0407520817530218
279	chr13	73486441	73486841	401	*	6.61521189386199	7.04565306252772	6.17937694698481	0.497564076838818	0.00592721784313419	0.0407520817530218
280	chr4	134701277	134701677	401	*	7.16369953739147	7.6090115818831	6.70728164725951	0.504970027047556	0.00593065638817365	0.0407520817530218
281	chr6	146753769	146754169	401	*	7.02385788310816	7.48300183282365	6.54783248136624	0.507052079857452	0.00596525564603686	0.0408371113227435
282	chr7	99774407	99774807	401	*	7.17954058436589	7.65221647764786	6.68388496512478	0.508359929136044	0.00598548097349982	0.0408371113227435
283	chr17	15380517	15380917	401	*	6.59653518783038	7.04571379179513	6.13468187056607	0.503485779984633	0.00601221586408322	0.0408745700441559
284	chr1	129686327	129686727	401	*	6.48818323501543	6.94004287924321	6.02254037865742	0.503210494760073	0.00606684340511439	0.0411007278571834
285	chr2	3869498	3869898	401	*	5.96047224665764	6.40985260301306	5.49833435154725	0.503781524499651	0.00609888889447968	0.0411728499402769
286	chr1	109114441	109114841	401	*	6.79200521452289	7.26499686047429	6.2958861244481	0.507222775894378	0.0061231282208033	0.041191953485404
287	chr1	35628528	35628928	401	*	6.06813811006158	6.5386114914241	5.57570845281607	0.506695491226671	0.00617504988446548	0.0413965016645003
288	chr17	69968980	69969380	401	*	5.11892792122786	5.63321225046399	4.55995646373663	0.50703947620451	0.00623091856636508	0.0416259976447445
289	chrX	94552372	94552772	401	*	5.20968516328096	5.75818985199023	4.59500188478666	0.504496252492318	0.00626763671085443	0.0417264118743389
290	chr9	44084655	44085055	401	*	5.71567730209463	6.22954547453771	5.15736235103065	0.506297373333333	0.0063160501339634	0.0417314065196835
291	chr1	5307060	5307460	401	*	5.94297181391839	6.40468131508855	5.46325920881631	0.502554175193533	0.00633246457150895	0.0417314065196835
292	chr10	68309810	68310210	401	*	7.02609872040338	7.51572614566841	6.50520162864853	0.50601035440087	0.00633345670672951	0.0417314065196835
293	chr12	91675236	91675636	401	*	7.29916114169361	7.74068821825576	6.8480302069612	0.499823944666259	0.00642414394262441	0.0421844810430354
294	chr4	6173307	6173707	401	*	6.97259637645032	7.3918629073575	6.55190081516147	0.491583761970944	0.00654394988286258	0.0427882057690969
295	chr17	11841020	11841420	401	*	5.52366041813898	6.00826691700916	5.01031686383664	0.503506250956958	0.00656056169536568	0.0427882057690969
296	chr11	5897168	5897960	793	*	4.8679315895938	5.43386834672862	4.22348624893642	0.498708171175745	0.0066225924456961	0.0430468508970247
297	chrX	164759554	164759954	401	*	5.26565578462036	5.82854656067477	4.62648150181152	0.498770483285163	0.00669676272450278	0.0433823955620988
298	chr14	24171878	24172278	401	*	5.69660988721346	6.16104915322536	5.21295646078351	0.499683553895201	0.00674153395382228	0.0435258769367586
299	chr14	55240218	55240618	401	*	5.57133185926206	6.11493576149145	4.96484284825246	0.499339973796964	0.00677023113566146	0.0435649655686042
300	chr5	31629389	31629789	401	*	5.42084397569025	5.92967171160901	4.87044197953867	0.501321502996867	0.00681208134254776	0.0435893489625538
301	chr11	96511084	96511484	401	*	5.67905869471937	6.16539549152256	5.16311949036516	0.5003002136441	0.00681933162044111	0.0435893489625538
302	chr6	41185889	41186289	401	*	5.43951963055844	5.9607544678989	4.86951077227029	0.499979784957209	0.00687423747676211	0.0436215236227142
303	chr2	84016762	84017162	401	*	6.00949106775929	6.4907879860758	5.50109067542609	0.50022652607442	0.00687923674191893	0.0436215236227142
304	chr16	69352077	69352477	401	*	5.49743207711485	6.00826691700916	4.94388764752081	0.500560522252222	0.00689238211086545	0.0436215236227142
305	chr4	66347904	66348304	401	*	6.36353644107117	6.79681503222735	5.92381307889233	0.492559683789648	0.00691956856262651	0.0436499997196505
306	chr1	70684453	70684853	401	*	6.16667037814013	6.6722311979372	5.62135935797427	0.49977540448206	0.00697561857975153	0.0438597717236665
307	chr19	18338523	18338923	401	*	7.02467809394125	7.47902642996107	6.55550231239076	0.496772591503424	0.00705795028471621	0.0441881217451501
308	chr2	69177021	69177421	401	*	5.26687283440337	5.79243068751606	4.6899290890021	0.498029521486813	0.00707377416710302	0.0441881217451501
309	chr7	3413802	3414202	401	*	6.44534141624958	6.87469944733419	6.01098603505353	0.491255318739961	0.0071161181043316	0.0443087742159676
310	chr6	108528333	108528733	401	*	5.90246617860027	6.3745088956885	5.40773919979745	0.497107252911674	0.00714407124570689	0.044310813422247
311	chr7	28515004	28515404	401	*	5.65938786969918	6.1685056221359	5.10853250038424	0.497775254570714	0.00718791362227974	0.044310813422247
312	chr15	47746989	47747389	401	*	6.17362222077411	6.60340078115226	5.73869270874383	0.487842047511194	0.0071929401710906	0.044310813422247
313	chr1	142789125	142789525	401	*	5.99586822755903	6.47911655488531	5.4845566489225	0.497006770354401	0.00721782122992432	0.044310813422247
314	chr6	47480887	47481287	401	*	5.74449085604842	6.2440417871435	5.2084688257961	0.497395302209577	0.00723159844832929	0.044310813422247
315	chr16	37734943	37735343	401	*	6.58537191464059	7.05228208335288	6.09813560729941	0.495741632220518	0.00731419520440689	0.0446746399151709
316	chr1	40643055	40643455	401	*	5.20773964734101	5.7485779192459	4.60584219747651	0.494742448979847	0.00735314371319622	0.0447704066588276
317	chr10	98692630	98693030	401	*	6.64930271931907	7.12228503730156	6.15319732469371	0.495144626488238	0.00741247550655541	0.0449892835161281
318	chr6	62818866	62819266	401	*	5.70684047144044	6.24960963502011	5.10173978061008	0.491243057656975	0.00744015457565933	0.0450152748539892
319	chr3	86370365	86370765	401	*	5.82122722461316	6.34585761956473	5.24577585230112	0.493665198773868	0.0074860535645251	0.0451509939126843
320	chr8	13957827	13958227	401	*	5.60072666513501	6.10140080287714	5.0629760581078	0.493361113801398	0.00765246154250467	0.0459866866762549
321	chr14	102609054	102609454	401	*	5.40245506068276	5.92455890178891	4.83105650589119	0.492594261319471	0.00767241498080968	0.0459866866762549
322	chr11	34034713	34035113	401	*	5.41515665818191	5.95459131239485	4.81558059307215	0.489146868498885	0.00790030947589564	0.0471903263165901
323	chr9	87393158	87393558	401	*	5.55705205878484	6.06073373880894	5.01465606611959	0.49134097134234	0.00792228451156892	0.0471903263165901
324	chr15	94799596	94799996	401	*	5.87473026054168	6.41050940705883	5.28117187694816	0.486809204687516	0.00805432126116676	0.0478287472422372
325	chr9	70382071	70382471	401	*	5.30756959359025	5.83820377127605	4.72241294766524	0.488374674239326	0.00808017609914106	0.0478346425069151
326	chrX	99427877	99428277	401	*	5.40495274950785	6.00318100546698	4.70269069204871	0.477497294767313	0.00811500012203197	0.0478884474684647
327	chr11	46675724	46676124	401	*	6.11743564606532	6.55406283943238	5.67309992860024	0.487348004907128	0.00813904486600205	0.0478884474684647
328	chr2	172900612	172901012	401	*	5.96318550190823	6.4593010495646	5.43242928191772	0.489290870098244	0.00816984650738666	0.047891450846587
329	chr13	104085111	104085511	401	*	6.13668834547794	6.62385306694137	5.61950439958721	0.489086073812963	0.0081893385283405	0.047891450846587
330	chrX	147266026	147266426	401	*	5.63056207754981	6.11562579046993	5.11653340479118	0.488560232048939	0.00825918757332991	0.0481535663366265
331	chr13	9011600	9012341	742	*	7.52842088189544	7.9097999437066	7.15707356067392	0.469824602895875	0.00841726299862172	0.0487252261630207
332	chr3	71959244	71959644	401	*	6.09288847257675	6.56725368253825	5.59475030871329	0.486994317473561	0.00841893809282848	0.0487252261630207
333	chr4	103619869	103620269	401	*	5.01060672803693	5.64410354688118	4.24083333085828	0.467210122707096	0.00843321222052281	0.0487252261630207
334	chr13	96168766	96169166	401	*	5.90908965313273	6.4287825804837	5.34154124699177	0.485757149716512	0.00847500073782273	0.0488200641304519
335	chr4	152684028	152684428	401	*	5.91127445676273	6.39580151433632	5.39804988702376	0.486440381170882	0.00852395796981375	0.0489555078624527
336	chr19	55892043	55892443	401	*	6.28586223572441	6.79250306838939	5.7388714467489	0.484743739850915	0.00859704588943297	0.0492085585924897
337	chr18	50107453	50107853	401	*	6.4610608974305	6.90404587664346	6.00789745608283	0.4826680204333	0.00861917060585708	0.0492085585924897
338	chr5	40172719	40173119	401	*	6.80265878144624	7.26042437084234	6.32860777175753	0.483799339663647	0.00866822964834385	0.0493189680317082
339	chr7	34648777	34649177	401	*	6.87660117611144	7.29401527397266	6.45838877635862	0.478184284720776	0.00870114743232229	0.0493189680317082
340	chr11	91132963	91133363	401	*	5.57372171781823	6.10546357218036	4.98676288950527	0.483699557922033	0.0087370943649417	0.0493189680317082
341	chr15	44427865	44428265	401	*	5.68043463981149	6.21403632021716	5.09044169248406	0.477629325666266	0.0087410437104015	0.0493189680317082
342	chr4	153715585	153715985	401	*	6.0671714630431	6.5610137992545	5.53988226228415	0.484426850293342	0.00878231047580854	0.049356359076874
343	chr15	53346127	53346527	401	*	6.49615254441521	6.94465081358647	6.03525815325988	0.481907661150916	0.00884358290969418	0.049356359076874
344	chr4	26258950	26259350	401	*	5.6863107114387	6.1728242319032	5.17010596236363	0.483933892878662	0.00884931830923267	0.049356359076874
345	chr1	154168555	154168955	401	*	5.15713675475031	5.67426342304279	4.59366828669758	0.483119934403513	0.0088502826827035	0.049356359076874
346	chr14	89250862	89251262	401	*	5.90584445412803	6.38505020282203	5.40055288753219	0.483538147052274	0.00890124569694348	0.0493820383978172
347	chr18	73483799	73484199	401	*	5.14256401372513	5.65047116421627	4.59359959197895	0.483356548885363	0.00890958628267647	0.0493820383978172
348	chr2	86063772	86064172	401	*	6.31440619708358	6.75995981963189	5.85764973277874	0.480248699713202	0.00894217515632959	0.0493820383978172
349	chr15	90207807	90208207	401	*	5.68497636829009	6.16049291564579	5.18514212914468	0.482781648524443	0.00898005995357078	0.0493820383978172
350	chr6	85908683	85909083	401	*	6.59138216456048	7.00280216618819	6.18115392856493	0.472389424485016	0.00898321904326196	0.0493820383978172
